pop caco X1 X2 X3
Pop1 1 -0.0454529474246816 0.0267715079522215 0.0289412204528544
Pop1 0 0.0180362642047052 -0.033616122426376 -0.0489158956462350
Pop1 1 0.00163108743004708 0.032865001238719 0.00439188689114872
Pop1 0 0.0219779976150209 -0.0506952753989392 -0.0921017465208835
Pop1 0 -0.0038456412171079 0.0288235190080279 0.0481738976777028
Pop1 0 0.0172183032934644 -0.0141902220567691 -0.011262438266428
Pop1 1 0.0207492103741651 -0.0190518108434926 -0.0124913598211564
Pop1 0 -0.0146480540172647 -0.0216377843810048 0.00878965468170514
Pop1 0 0.00971452427468955 -0.0289753375613501 -0.0357105686503112
Pop1 1 0.00625987304820685 -0.0186978549554407 -0.0484119474231865
Pop1 1 -0.0336546252415766 -0.0296463473978988 -0.0193421100005817
Pop1 0 -0.0210848303294739 0.0354496528779804 0.0282189101238387
Pop1 0 0.0208301774274641 -0.0063382274187897 0.0481850542577439
Pop1 1 0.0133737074347464 -0.0213720811248663 -0.0267010647660523
Pop1 1 -0.00913004329787794 -0.0129465238177514 -0.0432710585617277
Pop1 0 -0.000794793437529894 -0.0194732018233047 -0.0394495971982758
Pop1 0 -0.0160474738289684 0.0401617153892965 0.031669231904079
Pop1 0 0.0300527967984756 -0.0191664527977649 0.0138749814620972
Pop1 0 -0.00710741086572966 0.0213809295634736 0.0352889711698914
Pop1 1 -0.0432814219343699 0.00308202122874222 0.0122837726364321
Pop1 0 -0.0145009967193599 0.0147439888424389 0.0160224995867585
Pop1 1 -0.0252476376604525 0.0300326130268013 -0.00128213733354835
Pop1 1 0.00560005235721441 0.00553581085867279 0.0148904271454029
Pop1 0 -0.0166601963404983 -0.0231522478792124 -0.0451891973625943
Pop1 0 -0.00603500691851908 -0.0189616245145177 -0.0344995165241076
Pop1 0 0.0203141245544907 0.0517911218726208 0.00502050898990667
Pop1 0 0.00187277089676094 0.0154627951714255 0.0251685915024534
Pop1 0 -0.0273273126217839 -0.0305670673305835 -0.0338026902383504
Pop1 1 -0.0483266704099072 0.0300549711432709 -0.0118375622383974
Pop1 0 -0.0128080360458739 0.0427677464805938 0.0132503871168385
Pop1 0 -0.0391224409617897 0.00124748654911931 -0.00730932440738196
Pop1 1 0.00977613993587435 -0.00443238173900243 -0.0322602992441585
Pop1 0 -0.00582005312752479 0.0250333410023384 0.0152542886310716
Pop1 1 -0.0526662002691549 -0.0214728951128385 -0.0201976766111614
Pop1 1 -0.0427090536789416 0.0210844763906453 0.0592337365071602
Pop1 1 -0.011605503891918 0.0241184678274636 0.0314342107385773
Pop1 1 -0.000238219185695915 -0.00761562010294604 0.0261618922790747
Pop1 0 -0.0378343552677867 0.00217479894270853 0.0078863507401325
Pop1 0 0.0384097263295456 -0.0190928358542104 -0.0136394742506307
Pop1 1 0.00284327044060403 -0.0436579842971789 -0.0794680966082281
Pop1 0 -0.00325717790643032 0.0060933685838851 0.0144728378919884
Pop1 0 -0.0162603583326327 -0.0628246913344773 -0.0823265528024091
Pop1 0 0.0312398134991701 -0.0396361164847108 -0.0505866027606257
Pop1 0 0.0088807611515454 0.0143632423921259 0.0365226812921231
Pop1 0 0.0666595846617215 0.0044593834884608 -0.0324786603693507
Pop1 0 -0.0123635859694661 0.00802471549897918 0.0439303189316173
Pop1 0 0.0325062684549249 -0.0141560267440199 -0.0190901626221144
Pop1 0 -0.0281064307103355 0.00227745919307375 -0.00386194564818145
Pop1 1 0.0255870273857982 0.00200750098791909 0.0212339542222261
Pop1 1 0.0145189813905709 0.0202179336781508 -0.0158743821006558
Pop1 0 0.00129241766418925 0.0311808341701838 0.0443101272673973
Pop1 1 0.0240263079786916 0.0391857778561779 0.0769166557210211
Pop1 0 -0.0181872822847388 -0.00616258355622092 -0.0037678673959594
Pop1 1 -0.00556078528764332 -0.0258073014588072 -0.030992355325402
Pop1 1 0.0379699090564393 -0.049914140217743 -0.0680572051138306
Pop1 0 0.000211800533548908 0.00849103222440639 -0.00545081136292161
Pop1 1 -0.045649319969427 -0.0277914578221875 -0.0311792507559210
Pop1 0 0.0486273368703024 0.00132432935360661 0.0148413023794958
Pop1 1 -0.00409061390439351 0.022836690512508 0.0124590656351908
Pop1 1 0.0201226109099147 -0.0268555201323571 -0.0525442108297432
Pop1 0 -0.026680583505004 0.00288979466528737 -0.041062662133152
Pop1 1 -0.0240227660470106 -0.0675171180582273 -0.0386041202168782
Pop1 0 0.0433492153023073 0.0302908783053547 0.00776859923617723
Pop1 0 0.00239153860598122 0.0102335425112633 0.0296307592010174
Pop1 0 -0.011772504313304 0.0188883603423753 -0.0215110757091955
Pop1 0 -0.0335911603595498 -0.0297664064361188 -0.0418552755254875
Pop1 0 -0.00521559238523668 0.00211395062514469 -0.0180064399080449
Pop1 1 0.0433759393062471 0.0409378108619057 0.033080992253002
Pop1 0 0.0415099767572727 0.0187810629895008 0.057038894599224
Pop1 1 -0.0535041355492858 -0.0593739709503566 -0.0979288969499248
Pop1 0 -0.000860558618580166 0.0296831372283588 0.00510731532601444
Pop1 1 -0.0210210726479 0.00501871765314032 0.0282510423866320
Pop1 0 -0.00312308264550953 -0.00893952153412365 -0.0249607169305164
Pop1 0 -0.0174746377907119 0.0131732131142909 0.0222215902368331
Pop1 1 -0.00367865720380102 0.0354626667048058 0.0598198319182607
Pop1 1 -0.00347034102732062 -0.000910413470306636 0.0175081451230557
Pop1 1 -0.00491413505486321 -0.00344775963235697 0.00875343898354605
Pop1 0 -0.0317783088804477 0.0144238945886643 0.0395189762222254
Pop1 1 0.0240848202461671 0.0242855060875718 0.0295347236357224
Pop1 0 -0.00606939401130159 -0.00992678907636715 -0.0204742070524014
Pop1 0 0.000149061181053642 -0.0119664920835254 -0.0271650544557366
Pop1 0 -0.00079571386707816 -0.039244473177773 -0.0576061989400918
Pop1 1 -0.00366305217090265 -0.0143905211281086 -0.00234064827518193
Pop1 0 -0.0218721410313506 -0.0082534796929899 0.0184388826751414
Pop1 1 3.05655120508897e-05 -0.017538431873572 0.0352886355315980
Pop1 0 0.0114375230391041 -0.0255765302558476 -0.0426524000032109
Pop1 0 0.00052229206745648 -0.000130705257080575 0.0575521578399228
Pop1 1 0.00362106639204213 0.049368445481249 0.0866562072306456
Pop1 0 -0.0235972792766628 0.00344598460185235 0.0230746999000017
Pop1 1 0.00854050198850795 0.0353270402511987 0.0709036651602892
Pop1 0 -0.00280717632829654 0.00792675507690829 0.0136985392137291
Pop1 0 -0.00364517944649404 -0.0375020382983993 -0.0115191304696076
Pop1 1 -0.0200579705837824 0.0215281004891007 0.0312491033443133
Pop1 1 -0.0118021926323284 -0.028408553219799 -0.0258820857548607
Pop1 1 0.00790700782505843 -0.0433855923723216 -0.0962890268159485
Pop1 0 0.0308336253148885 -0.00205676918848862 0.0180549037050276
Pop1 0 0.00519247891377495 0.0573837526500693 0.055445661082026
Pop1 1 0.0474394343741993 0.0246959166871049 -0.0173719202480108
Pop1 0 -0.0318363301173655 0.0304676567025907 -0.00800397631787081
Pop1 0 0.0375321821732008 -0.00213816407692244 0.000126193223991231
Pop1 0 -0.0583756718187003 0.0661615487752606 0.0705439684506875
Pop1 1 0.00650700841549583 0.0374368123266744 0.0298723110539558
Pop1 0 -0.025674515674624 0.00319828406027352 0.0147342937101546
Pop1 0 -0.000797519550398 0.0453512477923991 0.00623799802857119
Pop1 0 -0.0237760986852314 -0.00681396924208923 0.0249100947605979
Pop1 0 0.0114805366531995 -0.0183436834166642 -0.0188342907589721
Pop1 0 -0.00618234861233155 0.0084346470101417 0.0245388269667316
Pop1 0 -0.0382993799534111 0.0425220264672899 0.0347114720175109
Pop1 0 0.000721433658247096 0.0306646316261484 0.0594380411799551
Pop1 1 0.00827718825956859 -0.0349696113357546 -0.0154966692004085
Pop1 0 0.0268573948273933 0.0191875641798781 0.0211466656698678
Pop1 1 0.0066195016834138 0.00585196439036291 -0.00524225048082803
Pop1 0 -0.0122119078695414 -0.00467487598006042 0.0199255636982976
Pop1 0 -0.0184120076364149 0.000505663712336974 0.00823695838976936
Pop1 0 -0.0323935649537551 0.0121204669179432 0.0234048064887161
Pop1 0 -0.0103626206635089 -0.0105168091222452 -0.00581443711519532
Pop1 1 0.00145735680786665 -0.0210556895931078 -0.0237383313723244
Pop1 0 -0.00242711195102072 -0.0555857389970265 -0.0616403433375948
Pop1 0 0.00661471535138292 0.0178510352110071 0.0237701709986137
Pop1 1 -0.01843397439546 0.00798069876557172 0.0253307643067674
Pop1 1 -0.0189719481435495 0.0319446807545043 0.0271450593931909
Pop1 1 -0.0121218983130691 0.00778167597844674 0.0346937917863768
Pop1 1 -0.0139350121421517 0.0189601870920845 0.0141887987311879
Pop1 1 -0.0192882421010826 -0.0396472288643372 -0.0467215040046038
Pop1 0 -0.0311532793794718 0.0725076735515875 0.098316147428413
Pop1 1 0.0193673773257656 0.0512004860669209 0.0531863294508703
Pop1 0 0.0394679813423937 0.0047165641758369 -0.0148755478989293
Pop1 0 0.0274529343955516 0.00348540410228319 0.000909251683805653
Pop1 1 -0.00862487284611997 -0.00100874880615538 0.0106547783022698
Pop1 0 0.00373491097679439 -0.00535470061585387 0.0288017736677749
Pop1 1 -0.0247817412847819 0.00332679063240376 -0.0149840228502696
Pop1 1 -0.0233236394251073 0.0316391594337511 0.0310598791555821
Pop1 0 0.0145616661681955 -0.0220782176284399 0.013576324459082
Pop1 0 -0.023916275157767 0.050782061187156 0.0898412751586784
Pop1 0 0.000844974464990379 -4.05266326313074e-05 0.0298418729870614
Pop1 0 -0.0129119877822374 0.00855906196127125 0.0246339856541948
Pop1 1 -0.0131312803159214 -0.018439983433412 -0.0285512627786336
Pop1 1 -0.0245186317750606 -0.00928434619941005 -0.0133465703886421
Pop1 0 -0.0139812551723387 0.0414097061379351 0.0352492335142224
Pop1 0 -0.074515956584914 0.0406438613961118 0.0451906873849103
Pop1 1 0.0396882123894759 -0.016414938370601 -0.0284717107284617
Pop1 0 0.0103128098808341 -0.00887214547749237 -0.0623909273227382
Pop1 1 0.0425605977615666 0.0228975393378104 0.0299374818192558
Pop1 1 -0.0240529025709033 -0.0173602034514506 0.0055408279491196
Pop1 1 -0.0177021904944115 0.00432771031926937 0.027053440576049
Pop1 0 -0.0375770134605673 -0.0172010009059509 0.0125562845804022
Pop1 0 0.0124520263912729 0.0174231089921117 0.0289958709804111
Pop1 0 0.00722139174626697 -0.0264295171176019 -0.0118290649567649
Pop1 0 -0.00663762722149901 -0.00811002255204232 0.00314044528651222
Pop1 0 -0.0411437445586752 0.00313188388747649 0.00548589561659587
Pop1 0 -0.0374662810030708 0.0364833564070011 0.0830297931554928
Pop1 0 -0.00362107707782462 -0.0180129535043876 -0.0174267466990132
Pop1 0 0.00123172696712375 0.0174983276901796 -0.0407834783279211
Pop1 0 0.0554536442446437 -0.0219059967913223 -0.0155899421844262
Pop1 1 0.00413906016171706 -0.0265226602938 -0.00853389717943884
Pop1 0 -0.0168464909825836 -0.000539794168710797 -0.0375236396169064
Pop1 0 0.00224547666304327 -0.0158620780695206 -0.0321960697793434
Pop1 0 0.000254134715715742 -0.0029776262826297 -0.0441667580791792
Pop1 0 0.0109357514680331 -0.00183652982065159 -0.0322241371992657
Pop1 0 0.0364336038252568 0.0147864812218264 0.0135728864290522
Pop1 0 0.00955424014276605 0.0194844548551983 0.0259541153684743
Pop1 0 -0.00721689305570813 0.00769435625706683 0.00588414363449762
Pop1 0 0.00677713172988304 0.0449705704647335 0.0395835315652309
Pop1 1 0.0442050866286961 -0.0421176719275195 -0.0322870129837586
Pop1 0 -0.0098983131288395 0.00946094817578074 -0.0251537989602909
Pop1 0 -0.02746654640301 -0.0384236082115623 -0.0588890311088849
Pop1 1 0.000458917762787359 0.014440787310042 0.00128124275207252
Pop1 0 -0.0153836582223245 -0.0219888977441837 -0.0161495364007219
Pop1 1 0.0330643091026372 0.0114627473324494 0.00696655533791028
Pop1 1 -0.0307311630888281 0.0089322603306459 0.0196795460547966
Pop1 1 -0.0193150694387854 0.0277522295014222 0.0275725975087461
Pop1 0 0.0101418985002906 0.0211261204410594 0.0312431883352885
Pop1 1 0.00809996597937698 0.00406482986328546 0.0511910742174106
Pop1 0 -0.00195644372813799 0.0310581922331073 0.0512657770158723
Pop1 0 0.063399028468401 0.0149797673539183 0.0464826812518119
Pop1 1 -0.0313253274405041 -0.00798520900548807 -0.0203908106137727
Pop1 0 0.0304244150871382 0.0243229822528757 0.0416993804298592
Pop1 0 -0.0508673669954903 -0.00404748606958459 -0.0223907963943195
Pop1 0 0.0262201430566192 0.00653362029288459 -0.0301637544452185
Pop1 0 -0.0547002924575886 0.00492905251176604 -0.0225019388316177
Pop1 1 0.0356722823518235 -0.0154503763113578 0.0215034960027344
Pop1 1 0.0292612644937831 -0.0265309226248155 -0.0529853512383977
Pop1 1 0.008701942608078 0.0320265809505785 0.0646058435750376
Pop1 1 -0.00108375053439637 -0.0181760416882631 0.0132665220242441
Pop1 0 -0.0225889113374922 0.043681540605746 0.00707595237766522
Pop1 0 -0.0349676757669146 -0.0100523847003089 -0.0266274068756168
Pop1 1 0.0238104587136012 -0.0123477062054875 -0.0361214693761655
Pop1 0 -0.0453564345108217 -0.0393729728808223 -0.0114634452341018
Pop1 1 0.0163036586078847 0.0250578879543319 -0.00302518784086344
Pop1 0 -0.00620580742188438 -0.0122065794561403 -0.00345497430524878
Pop1 1 0.0414874605229953 -0.00297681263873104 0.0227920274746161
Pop1 1 -0.019722351248769 0.0036316189411377 0.0217996287705103
Pop1 1 -0.0125523519302016 -0.00872475644273187 -0.0255347780691886
Pop1 0 -0.028754970451419 0.0250317231154986 0.00203403075778559
Pop1 0 0.0448067355348885 -0.018486608510163 -0.0517235986001114
Pop1 0 -0.0232625151443919 -0.0340760659087365 -0.000116585043977484
Pop1 0 0.0115988053965619 0.00826176089400277 0.0266822394844938
Pop1 0 0.0473317059377284 0.0157220664168331 0.00469400285464171
Pop1 0 -0.0185631661604053 0.0256755851278013 0.0216135848531608
Pop1 1 -0.0143940176342939 0.0547138596010789 0.0330242058346888
Pop1 0 0.0471194156715757 -0.0180031605120013 -0.0272495151345269
Pop1 0 -0.0229675282565991 -0.0176914869210238 0.0123234703638092
Pop1 0 0.0219873368712327 0.0071855653199177 -0.000388368206338147
Pop1 0 -0.02013934782289 0.00218655649520197 -0.0138817932732412
Pop1 1 0.0489116202673999 -0.0192634457050815 -0.045619515703199
Pop1 0 0.0398084428636094 -0.0367609307677896 -0.0568556598317623
Pop1 0 -0.00825325721459886 0.00280867944163025 -0.0230147082144418
Pop1 1 0.0228674184958567 -0.054519607592761 -0.0780559375482007
Pop1 1 -0.0180104098586806 0.0205469013573121 0.0575618256192896
Pop1 0 -0.0107284011677387 -0.00525843657916125 -0.0390643260311296
Pop1 0 -0.0571589093408987 0.0387799974770755 0.0365814299085031
Pop1 0 -0.0252654431937563 -0.0141102012383693 -0.0081620211035301
Pop1 1 -0.0271485181935298 -0.0417928742543323 -0.0400287267905736
Pop1 0 0.0399841702568863 -0.0525363400654759 -0.0432410199575085
Pop1 1 -0.000682370213758401 0.00163773842301747 -0.00892740600454894
Pop1 0 0.0275283798793574 0.0113884587294487 0.0549637932720027
Pop1 0 -0.043656121415671 0.0053100326033372 0.000802225927699214
Pop1 0 0.0103996220948362 -0.0151093178171729 -0.0105294873746476
Pop1 1 -0.0214245539016063 0.00579971156451647 0.0395645195359698
Pop1 1 0.00839718648855197 -0.0286770954852931 -0.0426546685505445
Pop1 0 -0.0466295975965996 -0.0185520682972566 -0.0330260103566956
Pop1 1 0.0267606478959488 0.0227323922409501 0.0319821477004304
Pop1 0 -0.00320668255454034 0.0133441882449711 -0.00312727985236703
Pop1 1 -0.0271496083008314 0.0197003049470408 0.0150582507039397
Pop1 1 -0.0230418060059494 0.024120715448692 0.0239764793556219
Pop1 1 -0.0145929592803155 -0.0395258008679957 -0.0688872099972667
Pop1 0 -0.0372202048006272 0.000774367606060632 -0.0318732519395104
Pop1 1 0.00936533186975561 -0.022569653885731 -0.0198941188934813
Pop1 0 -0.0195228826853972 -0.00106203129776527 0.0101411617010162
Pop1 0 -0.0115094417258186 0.00891265931154453 0.0343070598283610
Pop1 1 0.00262641725045683 -0.0372092085009672 -0.0822313776354482
Pop1 0 -0.00414504344814575 0.0241966864511263 0.0597377611582681
Pop1 0 -0.0215022836635033 0.0201325372139169 0.0443755519283431
Pop1 0 0.0205268826061467 -0.0118240647594199 -0.0776196169455773
Pop1 0 -0.0203445580979936 -0.00557712154237654 -0.00683176932568772
Pop1 0 -0.0174014376574474 0.00553002802100234 0.00049486548647223
Pop1 1 0.0369732311140594 0.0100195384193055 0.0515989838545776
Pop1 0 0.028867908682618 -0.052119390731173 -0.080947228725982
Pop1 1 -0.0168742408687029 0.0353812617973808 0.0176359902218999
Pop1 0 0.0245599062546961 -0.0217343769426152 -0.0405824640567017
Pop1 0 -0.0168744852645041 -0.0101616726772238 -0.0414726161074862
Pop1 0 -0.0172995906522465 0.00889976662698313 -0.0110180669508895
Pop1 1 0.00289769964245143 -0.0359616528513962 -0.0334963428034266
Pop1 0 0.0135628626960557 -0.00886375619975389 -0.072045939518969
Pop1 1 -0.0155886356443253 0.0102151415188834 0.0100016786085231
Pop1 1 -0.021401696899015 0.0376279023451646 0.0328748185597272
Pop1 1 -0.00780425605645714 0.02791571203543 0.0532998123473715
Pop1 0 -0.0621739594134213 0.0135962588987449 0.0308336537576819
Pop1 0 -0.00889442269974955 0.0460109443988163 0.0300903919332351
Pop1 1 0.0190012534940742 -0.020566779891082 -0.0611354638860685
Pop1 1 -0.0489053722596656 0.0210585669511899 0.0241850409605486
Pop1 1 -0.00589266382217835 0.00515966542337045 0.0213476087963856
Pop1 1 -0.0212664576111205 0.0501437004563917 0.0441070079510022
Pop1 0 0.0259724880745645 0.0729925236520146 0.066896515988129
Pop1 0 -0.0277185032077171 0.0144926550804768 -0.0108810305910578
Pop1 0 0.026991647041939 0.00915191752617477 -0.0285598640582647
Pop1 1 -0.021621404499523 0.00191904833922997 -0.00407787026640635
Pop1 0 0.0232450042580583 0.0172573296135773 0.0603807938783982
Pop1 0 -0.0166532291881312 -0.0353792187421855 -0.02196902375171
Pop1 0 -0.0374629485135411 0.00635926046352895 -0.0221015462865781
Pop1 0 -0.0361561146377378 0.00460902541450853 0.0152222473431844
Pop1 0 -0.013541190622224 -0.00763484923950678 -0.0169156176306037
Pop1 1 -0.021002392583734 0.00406273569689582 -0.0355356524570661
Pop1 0 0.0305129631304183 0.0432271352585343 0.0353845940778285
Pop1 0 0.0150377708870719 0.0175331984552069 0.0443483814777507
Pop1 0 0.0600933653444953 0.0533692869113263 0.0534164709820793
Pop1 1 -0.0331484947331523 0.000568946517140606 -0.0297459563318155
Pop1 0 0.0236265704565786 -0.0142751027866047 -0.0321242390618084
Pop1 0 -0.0314300379032375 0.0362422386740539 0.0120061299556884
Pop1 0 0.0043787126942973 -0.000465025320443391 0.0215973833767839
Pop1 1 -0.00713030143844701 0.0143663136852465 0.00283492922514705
Pop1 0 -0.0300953627039733 0.0305462593432128 0.0190782494876775
Pop1 1 0.0433078228499733 0.045302317407737 0.0269218779504505
Pop1 0 -0.0345276946034444 0.0144878403774907 0.0118638097770341
Pop1 0 -0.0230362476159776 -0.00583116483318088 -0.00237108142007307
Pop1 1 0.0401265845200816 -0.00341612015288998 0.0241765025244763
Pop1 1 0.0169725605631945 -0.00568452348685762 -0.0157679312446143
Pop1 0 0.0143590124597302 -0.00875682771879334 -0.0118262882847994
Pop1 1 -0.019589107258015 0.00972438309108838 0.0283131389340596
Pop1 0 -0.00768977255217056 0.0406741146210099 0.0508865411388369
Pop1 1 -0.0104828546634757 -0.0130566948780081 -0.0499163540712138
Pop1 0 -0.0312387618347437 0.0248386676839046 0.0141408583460791
Pop1 0 -0.00573476619345666 -0.00721535890332755 0.0120982097381886
Pop1 1 0.0532566219871581 -0.0134530281989643 0.00364786117838735
Pop1 0 -0.0267610768207976 0.00324446278599887 0.00363605882273895
Pop1 0 -0.00612765833888859 -0.00313692372431394 0.0704830282879303
Pop1 0 -0.0245053782529218 -0.0293252611251125 -0.067369817815032
Pop1 0 0.0143365428146973 -0.0299515799068853 -0.0149963716072687
Pop1 0 -0.0347994821462504 -0.0281175949829461 -0.0327027806942148
Pop1 0 -0.00843623927947772 0.0129170637956143 0.0608740395015101
Pop1 1 -0.00434339267429647 -0.011808498010081 0.000213143103546965
Pop1 1 -0.0130769249208847 0.00628435079302033 0.00116931257648078
Pop1 0 0.00514275405849202 0.0086699678217098 0.0274559189343715
Pop1 0 -0.00774575182908079 0.00666610691849459 0.0131169474275326
Pop1 1 0.0210397618678235 -0.0118939564866015 -0.0279799198439183
Pop1 0 0.0284512732639102 0.0186009293978487 0.0167932509745327
Pop1 0 -0.00277812843231474 0.0111781408351338 0.0209793442254562
Pop1 0 -0.0365991189084744 0.0065555406163697 -0.0367871900566482
Pop1 0 0.0271264880974196 0.0468360495497987 0.0241003130300014
Pop1 0 0.0163739522335712 0.0424332728686746 0.097880346012447
Pop1 0 0.00596263975034365 -0.0309370493037523 -0.0465564597941732
Pop1 0 -0.032809271226818 0.0353118364743294 0.0361316211279010
Pop1 1 0.00367101281252413 0.00220019258654747 0.0380089863574190
Pop1 1 -0.0128894293382416 0.0310538795812968 0.0192779145226044
Pop1 0 0.0181726797095955 0.0046366133766017 -0.0334427392768679
Pop1 0 0.0445957549273202 0.00418855574005846 -0.0239406687556337
Pop1 0 0.0322614278087745 -0.0160977233340348 0.00484309899222483
Pop1 1 -0.0181082901334097 -0.0266193830457552 -0.0384966403737901
Pop1 0 0.000569365280299436 -0.0106287319240948 0.0275425114806591
Pop1 0 0.0491540224248232 -0.00471728776951837 -0.0113338013747136
Pop1 1 0.0401478150990385 0.0278991205191116 0.0133114032242791
Pop1 0 -0.034354764523008 0.0449301995173735 0.0344793906257988
Pop1 0 -0.0271575651353655 -0.0116574087774813 -0.0345906411415905
Pop1 0 0.0186821142138654 -0.0147339646611357 -0.0277954564895960
Pop1 0 0.0321897803292277 -0.0424277417080638 -0.0345551242799145
Pop1 1 -0.0303832973595531 -0.00557700225252132 0.0413931778023524
Pop1 0 0.025753353189219 0.0355937138794395 0.00485187045429957
Pop1 0 0.023014916456524 0.000123545353783177 -0.0106868632203478
Pop1 0 0.00339884433913679 -0.0332850328410117 -0.0469353810258957
Pop1 0 0.017191805486978 -0.0164204970425703 -0.0527776681992106
Pop1 0 0.00474135171494168 0.0258640638305443 0.0187731036273376
Pop1 0 -0.0492402531628914 0.0279086071424621 0.0477194792035507
Pop1 0 -0.0132315668658013 0.0211248974321732 0.0522275092976489
Pop1 1 -0.0120204260560499 0.0259933839359846 0.00154842137040382
Pop1 0 0.00369738040463071 -0.012952926451423 0.0210325702689113
Pop1 1 -0.00661735116266471 0.0335267092855769 0.0227736526317422
Pop1 1 -0.0183488623666351 -0.0644468810533935 -0.110308753894916
Pop1 1 -0.0274168694354719 0.0185823262853653 0.0590410082483082
Pop1 0 0.00911829588490683 0.0114979196445763 -0.0169640205093895
Pop1 1 0.0234297992882527 -0.0105314609440088 -0.0157243916814284
Pop1 0 0.000196773727674684 -0.00235317729170767 -0.0148284874141532
Pop1 0 -0.0159765563138568 0.00993944701598268 0.00282524171112144
Pop1 0 0.000608471253227234 0.0410295277989937 0.0286424072183594
Pop1 0 0.0490381585645596 0.0207868092570643 0.0334965259881434
Pop1 0 0.00131132899195638 -0.0196345199658239 -0.00703481659765223
Pop1 0 -0.0548928951292601 -0.00158718097723488 -0.0100699813999016
Pop1 0 0.0296762048942939 0.0213746426213073 -0.00758993362612133
Pop1 1 -0.0302441813741249 -0.0182961495627075 0.009024615356061
Pop1 0 0.0256656947815378 0.00586767224750768 0.000357623712498368
Pop1 0 -0.0348266639536094 -0.0279988335217601 0.0197107733140184
Pop1 1 -0.0223203498582781 -0.00516813796519328 0.00110607021114231
Pop1 0 -0.0472680973970084 0.0254563047901674 0.0233191616686571
Pop1 1 -0.0392907970798512 -0.00448996350678684 -0.0326994573297266
Pop1 1 -0.0247596812471132 0.0228216751893107 0.0388458933135854
Pop1 1 0.0317041121809456 -0.0309944473004566 -0.0722648451804604
Pop1 0 -0.0134063704138819 -0.0323532608750223 -0.031691228431566
Pop1 0 -0.0423533008392309 0.0310944145147151 0.0273603364020021
Pop1 1 -0.0120098761250968 0.0184400085921811 0.0384744819255252
Pop1 0 0.0265590728498026 0.0247416755000839 0.014929107663011
Pop1 0 0.00915349491509095 -0.00096934549877315 0.0100794710357621
Pop1 0 0.00453904087352317 -0.0204406503877378 0.0187666733033851
Pop1 0 0.000285519976786698 0.011040601385413 -0.0177600652601712
Pop1 0 0.00886103385785819 -0.0179067971553833 -0.0211027409913512
Pop1 1 0.00501641725877941 0.0372131962924945 0.0419475706273921
Pop1 0 0.0227968091330348 0.00095347022452489 0.0230007145419768
Pop1 0 0.0276050451748633 -0.0107644792989193 0.0153040703237053
Pop1 0 -0.025939149604712 -0.00563879256964746 0.0347137056483434
Pop1 1 -0.0190918236993549 -0.00521774260329389 -0.0436192297345170
Pop1 0 -0.0191704989254769 -0.00266935027398705 -0.00212474448707085
Pop1 1 0.0110343600268765 0.00684634884419442 0.0575604219732774
Pop1 1 -0.00560881635733269 0.0466006293958368 0.0212326812543495
Pop1 0 0.0202498253795817 0.0115637035592042 -0.00092348275550268
Pop1 1 -0.00510726083285579 -0.0465188359964579 -0.0314168641034495
Pop1 1 -0.0037521063019073 0.0382800046240372 0.0614622133207797
Pop1 1 0.041881764969224 0.0463967964447993 0.0694651347768513
Pop1 1 -0.00480591817147692 -0.0129710762465557 -0.0266625964001715
Pop1 0 0.00119851540190579 0.0501070870067706 0.0294409438067363
Pop1 1 -0.00907628956795704 0.0294128523099037 0.0110458772483183
Pop1 0 -0.02136715191968 0.00469803245203981 0.0264115815646181
Pop1 0 -0.0325311169053837 0.0173812098404136 0.0287575220084828
Pop1 1 0.0304722057633959 -0.0195610951234369 0.0197657348443767
Pop1 0 0.00261680223581609 0.0288374080114402 0.0313619043284935
Pop1 0 0.0165377825696839 0.0149446103955829 0.00116345279064410
Pop1 1 0.00141263429131298 0.0110669229833475 0.000513425591505289
Pop1 1 0.00208096311373875 -0.0200651546505409 -0.00189425500252129
Pop1 1 -0.00379954664566954 -0.0222659723933323 -0.0365524455902617
Pop1 1 -0.00912983154942688 -0.0316308157226379 -0.0483856778979656
Pop1 1 -0.0364308207595673 0.0168176936371845 0.0324593444924688
Pop1 1 0.0239453285760044 0.0335302689245782 0.0322832151187636
Pop1 1 0.0150940677255766 -0.0158890858535599 -0.0131532050768917
Pop1 0 -0.0116094636104043 0.0188058069365751 -0.00821140460467143
Pop1 1 0.00803652461598091 -0.00605720875673159 -0.0334313600554823
Pop1 1 -0.0238116935449385 0.00510044601689911 0.0355315517312499
Pop1 0 0.0456430530163476 -0.0280230682572554 -0.0186658722289545
Pop1 1 -0.000326091244472892 0.00810461574810829 0.0325414595400515
Pop1 1 -0.0328449820919837 -0.0580091538738809 -0.0461931992158752
Pop1 1 -0.0407640483538847 0.00283470460199168 0.000878630402895664
Pop1 0 0.0148835511339072 0.0113461573834173 0.0171068918633729
Pop1 0 0.0102268212237734 -0.016706184116297 -0.0406579995464776
Pop1 1 -0.00323454864663277 0.0336216930619801 0.0528930154940743
Pop1 1 -0.0192583196170629 0.00414006107703307 0.0154866991234366
Pop1 1 -0.00560224642548876 -0.0141574553249562 -0.0313574534063523
Pop1 0 0.0479229588447474 0.0355350342904482 0.0154800850511376
Pop1 1 -0.0438399780058598 -0.00897936641377696 0.00553475368598636
Pop1 0 -0.000714367092344321 -0.0204096583802445 0.00328228388703705
Pop1 0 0.0324347368203931 0.000242454345706933 -0.0349620946564893
Pop1 0 0.00520658980353677 0.00927748014314749 -0.00465523677322459
Pop1 1 0.023616823461598 0.0204679159250062 0.0529898598972265
Pop1 0 -0.00337532051891272 0.0214237469028812 0.0178385036942927
Pop1 0 0.0549783926562128 0.0271308516983942 0.0500448919791455
Pop1 1 0.0127701645868304 0.0251606121749388 0.0217879323671453
Pop1 0 -0.00294679087854469 -0.0297025850363818 -0.00807397903882419
Pop1 1 -0.0365538534668576 0.0247173146118653 0.0450343697409683
Pop1 0 0.0147304081347199 0.0160938167067202 0.0283315539986665
Pop1 1 -0.00813760259332212 0.0357998666633457 0.0875667763326841
Pop1 1 0.0141109377747156 0.0476199976779188 0.0610642866697609
Pop1 0 -0.0085567531660801 0.00197714368069355 0.00360798440297869
Pop1 0 0.0133178755636039 -0.0120239400809079 -0.00536837899583353
Pop1 1 0.00109595409767691 0.0461796138671594 -0.00639811464927365
Pop1 0 -0.00180082062346777 0.00611064008657908 0.0336528077539244
Pop1 1 -0.00208647741178251 0.00476049504831532 0.0262358472633997
Pop1 0 0.0349548003778525 0.0053037035980369 -0.0256966296238686
Pop1 0 0.0343672164207335 -0.008750013455122 -0.0181086378919484
Pop1 0 0.0123481121512448 0.0023494971626382 -0.0417805964663187
Pop1 1 0.0179951397089357 -0.00970601970729227 -0.00123170110383286
Pop1 1 0.0256161022314379 -0.00399916082886411 0.0139815599800303
Pop1 0 0.0168401092055736 0.000687059974652085 0.0251173280260219
Pop1 0 0.0243692969185014 -0.00138043149360467 0.0058209524179504
Pop1 0 -0.0228198807891822 0.0272862827099939 0.0301145498674137
Pop1 1 -0.0266765979383787 0.0667040273440741 0.0501327571503856
Pop1 1 0.00609210508605268 0.0204437031729965 0.00464590611800375
Pop1 0 -0.0164512308459638 0.00238254831093754 0.0203713750870419
Pop1 0 0.015123034586539 -0.028744742157982 -0.0377895684928039
Pop1 0 0.0144211259564291 0.0295322389882345 0.0525645773444068
Pop1 1 0.000881580301565622 0.00378238318975271 0.00169065959001990
Pop1 1 -0.00288893951848686 0.0213405875875333 0.0353400114466636
Pop1 0 0.00120105241217454 0.0124792216970171 0.00453603197250353
Pop1 1 -0.0587155658943295 0.013608630379512 0.00117392039109566
Pop1 1 -0.0031829184206155 -0.0528678739630578 -0.0164499714046467
Pop1 1 0.000868032325792314 -0.00670617097888514 -0.0159898944169279
Pop1 0 0.0449091288224019 0.00844795093495202 -0.00827987390745016
Pop1 1 0.0122970166741419 0.00122047658608093 -0.0205195774776805
Pop1 0 -0.00753047836783262 0.00898710553174652 -0.0168837900621487
Pop1 0 0.012993303549152 -0.016379199260693 -0.0165917276204926
Pop1 0 0.00844882123114095 0.0110177645207286 0.0298778785615604
Pop1 0 0.044600986629726 -0.0220740535450203 -0.0266686230121699
Pop1 1 0.0277950893263059 -0.00992447370943204 0.00478016187163198
Pop1 0 -0.00174375950975147 0.0182542299590681 -0.0144356145192176
Pop1 0 -0.0237808937947315 0.00857310208731859 -0.00337837195592517
Pop1 0 -0.0317243807273838 0.0117867015980229 0.0116279308544854
Pop1 0 0.00196702787328132 0.0392800008322138 0.05609946129864
Pop1 1 -0.0147736414731776 0.00201742006488545 0.0031831126388135
Pop1 1 -0.0315530841184981 -0.00392881493285696 -0.00746526956566702
Pop1 0 0.0154103589873035 0.0250154035649977 0.040208524001753
Pop1 1 0.0227830238690682 -0.0309535510864055 0.0124672766448354
Pop1 1 0.0190800715155853 0.00803610045090507 0.0120528695112785
Pop1 0 0.0339511269735994 -0.00493232253864187 0.0311216253513252
Pop1 0 0.0268570233097184 0.0398985241356568 0.0394610467747193
Pop1 0 -0.0469096631234938 -0.011268116373665 -0.0181068603112575
Pop1 0 0.0184900953885853 0.0354994590639749 -0.0213325100140991
Pop1 1 -0.00446789262261572 0.016616246024744 0.0205271839703170
Pop1 1 -0.016415850630075 -0.0128502672088547 -0.00959600261935158
Pop1 1 -0.0197085451603344 0.00262633518015869 0.0159823838266231
Pop1 1 0.0126589618016888 0.0128978998932514 0.0280971983598167
Pop1 0 0.00393526067537427 0.00498687533718809 -0.0343349158743156
Pop1 0 -0.0305349572354854 -0.0078934587118696 0.0215346299285887
Pop1 0 0.0046660248797599 0.0313647516521346 0.0607513688870556
Pop1 0 0.0150602344875865 0.0486221539147944 0.0357184432165963
Pop1 0 -0.00854306319738925 0.00899456560135571 0.0301561818925607
Pop1 1 0.0627624823011598 -0.0384510507490078 -0.0122804133829049
Pop1 1 0.017289133853095 0.00685943914446642 -0.0125330522563896
Pop1 0 0.00761586466141216 -0.0188844276284383 -0.00348920768099096
Pop1 0 -0.0131985545289043 0.0139937460755567 0.0324047182742684
Pop1 0 0.0146308374458444 0.0231810516312868 0.0150058000660264
Pop1 0 -0.00978856537300408 -0.0107298984848297 0.00478384391518088
Pop1 1 -0.0248189543495871 -0.00672687026977358 -0.0164665512301272
Pop1 0 -0.0210252703198549 0.0128335759675507 -0.0114164580313010
Pop1 0 -0.0184566402015226 0.0202006866918233 0.0404002772737041
Pop1 0 -0.00468380804877034 0.0266398506147167 0.026134605879341
Pop1 1 -0.0109064671029924 -0.0392991376379436 -0.0365028508104450
Pop1 1 -0.0718368105774841 0.0387849926948855 0.00198740735237721
Pop1 1 0.0141829576797082 0.0408567192182122 0.0632421390574865
Pop1 0 -0.0339264576738339 -0.0287476313999123 -0.0584819957520557
Pop1 1 -0.00473423170877431 -0.00387958348062043 -0.0170346391689731
Pop1 0 -0.00164611663936833 0.0191172782438948 0.0120186416223233
Pop1 0 0.0575864247727967 0.0109435247900372 0.0378316636908781
Pop1 1 -0.00577491409578465 -0.0217427325518372 -0.017850620908187
Pop1 1 -0.0289213853775391 -0.0111528844869283 -0.0366330334957215
Pop1 0 -0.0133789543325784 -0.0249608226286015 0.0325736215343299
Pop1 1 0.0136270567179126 0.0357816862814829 -0.00940950453465527
Pop1 0 0.0103202812290599 -0.0136399929689975 -0.030146790680463
Pop1 0 0.0209353007477014 0.000425807721801851 -0.0124756429167294
Pop1 0 -0.012117723057769 0.0308197599785539 0.0807911783325764
Pop1 1 0.0273691362489937 -0.0282509785284404 -0.0625639972798599
Pop1 1 0.0291068604581746 -0.0396322504039799 -0.0448804190893937
Pop1 0 -0.00814914793746882 0.032297427585955 0.077048258074246
Pop1 0 0.00553516256885066 0.0058871964467062 0.0496718004088807
Pop1 0 0.00580514419211315 0.005095812744049 0.0242799575052183
Pop1 0 0.0032501198434266 -0.019235705109733 0.000171829302932316
Pop1 1 -0.0213066759164766 0.0484698476998513 0.0416472436656893
Pop1 0 0.0241324046274683 0.0119877057259079 0.0332200000147183
Pop1 0 -0.00166321924972999 -0.0268750233956955 -0.0471076355969825
Pop1 0 0.0229718826009368 -0.0111195725177655 -0.0430505719992944
Pop1 1 0.034592511323146 -0.0150926007795242 -0.0288468440740953
Pop1 0 -0.0094980800894132 0.0165722514094039 0.0178559564040253
Pop1 1 0.026394235498521 0.0219953032087446 0.048005986164181
Pop1 0 -0.0076448062813667 -0.0170180139788351 0.000750680647266105
Pop1 1 -0.0654865796312842 0.0113713050502828 0.0127273965890736
Pop1 0 0.0165286300687102 0.0174223932913371 0.00379901997639364
Pop1 0 0.00112726265901871 0.00566886038743158 -0.0141695721329080
Pop2 1 -0.0101855868708074 0.00482385643777584 0.0311665616828958
Pop2 1 0.063096761581131 0.0475566590063964 0.0417446359507733
Pop2 1 0.0263722784951391 -0.00642453983391516 -0.00840080531991492
Pop2 1 -0.0312076245833097 -0.0176731844598774 0.0104956713305012
Pop2 0 -0.0342257714411852 0.0153469023060472 0.0246903702201477
Pop2 1 -0.0432656825098447 0.0176059440790605 0.00172339894702315
Pop2 0 0.0264448127858872 0.0298602453330609 0.0247656167893931
Pop2 1 0.00367568184390687 -0.000565950176106704 0.0285641656133088
Pop2 0 0.00969157681076016 0.00540721055782507 0.0313315557029612
Pop2 1 0.00425929098276398 -0.0093871255349603 0.00709206377973452
Pop2 1 0.0236405523688457 0.021747070769511 -0.00202372497466635
Pop2 1 0.0287867917675649 -0.00460237584768675 -0.0199528201371422
Pop2 0 0.0346658558914828 -0.0070166464730818 -0.0491124633925296
Pop2 1 0.0088858809070038 -0.0394821131463173 -0.0287653938563729
Pop2 1 -0.0541804374793956 -0.00743180358810695 0.00247609896256777
Pop2 0 -0.0071721318125403 -0.00493924829156592 -0.0182994465765447
Pop2 1 0.0115652412942057 0.0156298618504572 -0.000899251026619998
Pop2 0 0.00586326942156988 -0.0339048029608904 0.0188253191760721
Pop2 1 0.0215410083161688 -0.0214211075126969 -0.0037749314607168
Pop2 0 0.00749508104270903 0.0073479280978826 -0.0424848337437662
Pop2 0 -0.0368625251447767 -0.00261396236617056 0.0363670542870673
Pop2 0 0.00095279896241546 -0.0210489497749349 0.0259004202801376
Pop2 1 -0.00412937754262776 0.00397974441990627 0.00832099984823702
Pop2 0 0.026133497611535 0.0294015196187047 0.0610633651680468
Pop2 1 0.00611505026135086 0.013702882317234 0.0156875071973468
Pop2 0 -0.0107748257193773 0.0196108595006701 -0.0116798138169862
Pop2 0 -0.0106629970512721 -0.00697422723946915 -0.0253580952391449
Pop2 1 0.0171292236347571 0.0123264505378216 0.048656787147724
Pop2 1 -0.0363564276258541 -0.0318384264082654 0.0170723554553948
Pop2 1 -0.00608056048643488 0.0374335492621316 0.0503717141058202
Pop2 0 0.0077816733131951 -0.0509445771098424 -0.0286587944115672
Pop2 0 0.0535227530685382 -0.0053334448839773 0.00820898495924613
Pop2 0 -0.0123128943200633 -0.0044337361421986 -0.0292052271239064
Pop2 0 -0.0222727506092642 0.017975764628774 0.0503873165261669
Pop2 0 -0.0112264493284449 -0.00735903769166882 -0.0118120237356175
Pop2 0 0.0274410374786073 0.0498493229756771 0.080403320457324
Pop2 1 0.010343199445715 0.038968948964507 0.0541267309770926
Pop2 0 -0.00446118685082685 0.00794486135083862 0.0340904288193817
Pop2 1 -0.0171204566857105 0.0101541331078549 -0.0108934652463291
Pop2 0 -0.041463142748229 0.00292444804692313 -0.0345661149948243
Pop2 1 -0.00651154711275023 -0.0132820509503145 -0.068871308442883
Pop2 1 -0.0127416617964611 -0.00924595421882364 -0.0202188767538128
Pop2 0 -0.00184567937939051 0.0270958841497961 0.0134931268472310
Pop2 0 -0.0174602764693061 0.0188233543544922 0.0404894086697863
Pop2 1 0.0301740319248509 -0.00719205403808588 -0.0249056750582571
Pop2 0 0.0425521869756998 0.0110579787242191 0.0108029928808334
Pop2 0 0.00511032753204804 -0.0111397549727032 -0.0456003012748330
Pop2 1 0.0199943066119008 0.0419909298034886 0.0684317031249306
Pop2 0 -0.00209737256947649 0.00797682408619853 0.00834615271204868
Pop2 1 -0.032177042909244 -0.0133712671038929 0.0190407802924502
Pop2 0 0.00111361910355982 0.0405435811067408 0.0594555724343107
Pop2 1 -0.0385782167628646 0.00536682720973076 0.00906141632453787
Pop2 1 -0.039119477342028 -0.0447550840300906 -0.0292553656720566
Pop2 0 0.00252113356974045 0.0217118891484001 0.0210770167525675
Pop2 1 0.0072944947071405 -0.0171901027247702 -0.0257248775021481
Pop2 0 0.0197673258266486 0.0105885053134734 -0.0275185875778602
Pop2 0 -0.065913216806792 0.0205404227217518 0.0649494118437241
Pop2 0 -0.0326450576541288 0.0115670359413384 -0.00641765817898523
Pop2 1 0.00169210437410868 -0.00725180679166699 -0.0138014783006637
Pop2 1 -0.00874117284674943 0.0247361625882868 0.0733460893046371
Pop2 1 0.00685578554940296 0.0208458530002185 0.0510629439034739
Pop2 1 0.0354132668925017 -0.00168634817917454 0.00529813052923279
Pop2 0 0.0139780521864663 0.0474460187424596 0.0182901755350669
Pop2 0 -0.00176040140684156 0.00287769267563237 0.0335161988809446
Pop2 0 0.0284810122789744 0.00351128891232651 -0.0383734635186044
Pop2 0 -0.0473557667541184 0.0163280310298527 0.0228840434918985
Pop2 0 -0.0190345155649799 -0.023741373897663 -0.0424649467213362
Pop2 1 0.0261486737924822 0.0102556379414021 0.00255830903148043
Pop2 0 -0.0360833115771885 -0.00239567164003433 -0.0429006125662533
Pop2 1 -0.0304548933698826 -0.00629423471283766 -0.00829683010996765
Pop2 0 -0.0022856754002536 0.0126651728511302 -0.0315919571915699
Pop2 0 -0.0117439203116805 -0.0167078225378848 -0.0091055421733409
Pop2 1 0.0133194636620431 -0.0238761016455611 -0.0527186899872553
Pop2 0 0.00177064339670607 -0.02782638367672 -0.0359169855058301
Pop2 0 0.00575169419614546 0.00611661381311314 0.0562429029270308
Pop2 1 0.0156410802577882 -0.00344111407695489 0.0124261556071242
Pop2 0 -0.0446081256681938 -0.0269345523075179 -0.0561968461973807
Pop2 1 -0.0448398097353418 -0.0216162221761854 -0.0188976201441501
Pop2 1 0.0289301594961531 0.0210765965188048 0.00335236602472912
Pop2 0 -0.0249839324919831 0.000365044970216629 -0.0114058482166570
Pop2 1 -0.0104845992975751 -0.0156262365253046 -0.0123665659109048
Pop2 0 0.00862079571880506 -0.0162664339830245 -0.0235997684214255
Pop2 1 0.0317443629871392 -0.015617056522675 0.0392780983023201
Pop2 0 -0.000136344401630659 0.00509089743346177 -0.0320358329867294
Pop2 1 -0.0116038257968352 0.0248219077317026 0.0664314496716978
Pop2 0 -0.00058180648143573 -0.027234400880821 -0.0210495653232856
Pop2 1 -0.0451829636164015 -0.000962653117836149 0.0333359653404609
Pop2 1 0.0521622366584187 0.0163763411004062 0.00621723538008911
Pop2 0 -0.0235651059674959 0.0212568521451527 0.0121551950102046
Pop2 0 0.0119896127026158 0.0132350374174302 -0.0168605548958511
Pop2 1 -0.010572148112935 0.0282812208284691 0.104132334381658
Pop2 1 -0.0415054954343883 0.0522509752479248 0.0683546812587452
Pop2 1 -0.0398423843960109 -0.0298158533513652 -0.0546339681451516
Pop2 0 -0.0364717404287123 0.0246593035397476 -0.017665417098402
Pop2 1 -0.00976493570411622 -0.0092840660352672 -0.0155128748194046
Pop2 0 0.00319579293057631 -0.00956038291618486 -0.0087911864952994
Pop2 0 0.0156128990528946 -0.00116453342471364 -0.00278962195619187
Pop2 0 0.0352095086093386 0.0309171320717341 0.0167793525887565
Pop2 1 -0.0213422137357124 0.0476601202365761 0.0334647247841603
Pop2 0 -0.00205452027822939 -0.0309960460728173 -0.0754216538195264
Pop2 0 0.0376601112008412 0.00670423040346054 0.0312038410402464
Pop2 1 -0.00488779811129739 -0.0114529501113136 -0.0223774022409633
Pop2 0 -0.0201758943129548 -0.0232675026395001 -0.0236434561893256
Pop2 0 -0.0222153215439898 0.0121606289987302 -0.00127383059041425
Pop2 0 0.000929889414126041 0.00187734385116765 0.0117061810922140
Pop2 0 -0.0119976218109388 -0.00821862217211095 0.00369491925299920
Pop2 0 -0.0136707423672317 -0.0333852802971944 -0.0246121619014493
Pop2 0 0.0719687417409321 0.0501331692197014 0.0650180920138124
Pop2 1 0.0125687920168038 -0.02805832566791 -0.040127603969452
Pop2 0 -0.0419859775227349 -0.0376941117133134 0.0122385975582799
Pop2 1 -0.0149977289418251 0.0243007537910725 0.0451527894099528
Pop2 0 -0.017931256525322 0.0157696990156378 0.0380706845172201
Pop2 0 -0.00754470280824087 0.00611520145636018 0.0152500824789999
Pop2 0 -0.0224019866276183 0.0063971274061113 -0.0308043129964775
Pop2 0 -0.0160600258030726 0.000404985019745353 -0.00161506356146166
Pop2 0 -0.00610483436781594 0.031090281363732 0.0510903182614261
Pop2 1 -0.0145524403222665 0.00603960122496105 0.0217645547559703
Pop2 0 0.0204147335113282 0.0307349746538845 0.0383781500458594
Pop2 0 0.00771628254716678 -0.0233591573141633 -0.0290974203207241
Pop2 1 -0.0115732233907578 -0.0127114128055874 -0.0348639337814286
Pop2 1 0.0332434091314511 0.0219660579684008 -0.00744585092795067
Pop2 0 -0.0210522614262665 0.0251469194027291 0.00387134135372227
Pop2 1 -0.0443069833315576 0.017743315967643 -0.0256079248206967
Pop2 0 -0.0101075385208169 0.0275281457951839 0.0309108490904935
Pop2 0 0.0129764419363338 0.0590754631906592 0.0552500778991471
Pop2 1 0.00623971049864255 -0.00905887484340501 -0.0058663907055816
Pop2 1 0.0365557030255023 -0.0306667246683454 0.0203852868136933
Pop2 1 0.0239593470751653 0.03044243400865 0.0406486673272418
Pop2 0 0.039284135071909 -0.0151177554522142 -0.0379332864347686
Pop2 1 -0.00494759539490623 -0.0258571723379199 -0.017596208876278
Pop2 1 0.00899020711368699 -0.019519435800862 -0.0461805022196698
Pop2 0 0.044574800155717 0.00838413796775923 -0.0230175147937343
Pop2 1 0.0185652212845086 0.0353707988201124 0.0151723864644405
Pop2 1 -0.0359058592197572 -0.00611448821966938 -0.00969018604853545
Pop2 0 0.0345262889288825 -0.00995401738056693 -0.00692603612609104
Pop2 0 -0.0257532823098531 0.0431988832256377 0.046198617207982
Pop2 0 -0.0142297556978008 -0.0138900876276408 -0.0223753093179632
Pop2 0 0.0228289885615478 0.00894088100628706 0.0194277185382384
Pop2 1 0.0493353354626567 -0.0312089480245471 -0.00943669416363958
Pop2 1 0.00760749215826466 0.00880017833846328 -0.00517834262951142
Pop2 0 0.0449188448585179 -0.00706501836734855 -0.00429799298758942
Pop2 0 -0.000741117149985463 0.0127548564912926 0.00537328879198421
Pop2 0 0.00940240591856687 0.0227887511239853 0.0170362547188079
Pop2 0 -0.0145171382243136 -0.0312511892314892 0.0178530952571589
Pop2 0 0.0266630552185679 0.0095049382669605 0.0495542974833681
Pop2 0 0.0209928179216657 -0.0522442307393325 -0.0471844771807255
Pop2 1 -0.00848575491587968 0.0146208703870038 0.00438628703853847
Pop2 1 -0.00635862475600351 -0.00607153588914894 -0.0277533820579891
Pop2 1 0.00504399478739191 -0.0250388434194784 0.00085835959031531
Pop2 1 -0.0274053548165567 0.0140904442656459 0.00269673383575605
Pop2 0 -0.00433508374394569 0.000744917581784642 0.029849773414983
Pop2 0 -0.0228805693607256 0.0381131036286088 0.0547915650113714
Pop2 0 -0.0221070341858326 0.00910775361115048 -0.0116417158964957
Pop2 0 0.0139276158080845 0.0202789980249473 0.0485090282972515
Pop2 1 -0.0189022468961917 -0.0256141963530306 0.0100154125207467
Pop2 0 0.00743586809665089 0.0435132943244484 0.0353973701163752
Pop2 1 -0.0090300150201634 0.0275313164310684 0.00772152770006826
Pop2 0 -0.0186800700425163 -0.0269546112006416 -0.0638052778349623
Pop2 0 -0.0172450628816057 -0.0170477245828174 -0.0136760269278088
Pop2 0 -0.0214089283678997 -0.0314718024603717 -0.000620556341810002
Pop2 0 -0.0295177532923541 0.0143675893159491 -0.0574312765424658
Pop2 0 0.0249891045394519 -0.0417106803950212 -0.0518125806097898
Pop2 1 -0.0114227060375555 -0.0234454228998051 -0.030732170675166
Pop2 0 0.0090070904099837 0.00589465983550299 0.046983578299105
Pop2 0 -0.00322632099139059 0.00852296162853994 -0.0163255720495015
Pop2 0 0.0429891222882362 0.0402190632923329 0.0255054473495247
Pop2 0 -0.0227014403973443 0.0299295289119665 0.00496393662379504
Pop2 1 0.00155778680713445 0.00576069055899579 0.0178861346791167
Pop2 0 0.00511771222624505 0.00359315276646709 -0.0271905336976553
Pop2 0 0.00308685347459012 0.00087731919835314 0.0603928608514109
Pop2 1 -0.0104156659996274 0.000739025342164552 0.0105566267311096
Pop2 0 -0.00328388562246443 -0.0152748628918225 -0.0219195991139812
Pop2 1 0.0100101695727189 0.0374272890065457 0.0313853511532528
Pop2 1 -0.0113430030124136 0.00334582890305445 -0.015753312774481
Pop2 0 -0.0341132455452142 -0.0325583681162816 0.039591332127064
Pop2 0 -0.0109635348141591 0.00112912880030582 0.0172479904813100
Pop2 1 -0.0228871492699325 -0.0332778277495988 0.0106079930642248
Pop2 1 -0.021315576989295 0.0346523756639814 0.00723769180232867
Pop2 0 -0.0156422809026992 0.0146591593505782 -0.00115585620367406
Pop2 0 -0.0335218697788599 0.0307746767330994 0.0253996146780794
Pop2 0 -0.0256472585099845 -0.00718243551632007 -0.0364494511639679
Pop2 1 0.0149538700661596 -0.0283524816393538 -0.04499966089691
Pop2 0 -0.0153695438698004 0.0382737857256568 0.0134477493383505
Pop2 0 0.0120141159505808 0.0161614667015128 -0.0107126977857647
Pop2 1 0.0147728457439376 -0.00996314398678746 0.0224022307042209
Pop2 0 -0.00199030901498883 -0.0273911625125562 -0.039022679035916
Pop2 0 0.0340932106827137 0.0589857893674855 0.0393812924434966
Pop2 0 -0.0671518464162363 0.0261369657083632 0.0120288581499742
Pop2 0 0.00985603168700002 0.0453969167703547 0.0614346544299024
Pop2 0 -0.0322532223035897 -0.0382791356151498 -0.0383429780849204
Pop2 0 0.0191721289853025 -0.00905983266164454 -0.0573045688945509
Pop2 0 0.0285818385270714 0.0235386282540669 0.0593309802301853
Pop2 1 -0.0189555291439278 0.00730529080643783 -4.2110984214065e-05
Pop2 0 -0.0453177904625587 0.00780139318915869 0.0630540725884917
Pop2 0 -0.0700284426052453 0.0316337784513789 -0.0215008522358264
Pop2 1 -0.0065565164379502 -0.0311849747318793 -0.00477483746524351
Pop2 0 0.0060588522013031 0.0348930057737116 0.100623325529223
Pop2 0 0.0189227674639856 -0.0282706957641038 -0.0497267243531609
Pop2 0 0.0269411078945701 -0.00656167766393366 0.00799965754667306
Pop2 0 -0.014527045851119 0.000118457569848073 -0.00350937339867263
Pop2 0 0.00185929598803378 -0.0238062538500193 -0.0524510271088627
Pop2 0 0.0267207711351482 -0.00095266623444335 0.0254970032814280
Pop2 1 0.0407049421209071 -0.00172336239004419 -0.0496748233883945
Pop2 0 0.0268942294935111 0.00159160119988964 0.00111389463942869
Pop2 1 0.039588213625088 0.0240661103030346 0.0109094499191319
Pop2 0 -0.0066349532797326 0.0178268672256353 0.00750510003314138
Pop2 1 0.00498523328200823 -0.0232175841358815 0.00287135389467394
Pop2 0 -0.00531725084986318 0.0223859748260971 0.0269517956506359
Pop2 0 0.00475163047215542 0.00246877683774795 0.00459794057559959
Pop2 1 0.000571876792540477 0.000350079996718568 0.0233885715021271
Pop2 1 0.0256435900492743 -0.0165304010362278 -0.0098755312515837
Pop2 0 0.00726250179218097 0.0257261836964468 0.0488217937568884
Pop2 0 0.0385899102939302 0.0275090104288203 -0.0284236936697043
Pop2 0 0.017194560351723 0.0117206689032945 0.0290351008390773
Pop2 0 0.0123144301581444 -0.0053726609241525 -0.0453304902592191
Pop2 0 0.000829750497355763 -0.0341704168990137 -0.0650207133566994
Pop2 1 -0.00654917741924136 0.00884858433283721 0.0210978707610211
Pop2 0 0.0397041402583734 0.0295970897069039 -0.000167284828171563
Pop2 1 0.0212727864178769 -0.0244564545592354 -0.0459593174661948
Pop2 1 -0.000822952317447528 -0.0101478433605744 -0.0196129591671033
Pop2 1 -0.023213408649945 0.0187908358138352 -0.0291557681685695
Pop2 0 0.0139317536965021 -0.00419246757156757 -0.0504333550648036
Pop2 0 -0.0451104768559451 0.00664853569728978 0.00433044481918124
Pop2 1 0.031840098634452 0.0383329940069132 0.0387073494205375
Pop2 0 0.00810943286279478 -0.0137602212565798 -0.00157492644029546
Pop2 0 0.0287579687956767 0.0211811831247991 0.0403652861576416
Pop2 0 0.0100647790455372 -0.0370800204948481 -0.0409612691480812
Pop2 1 -0.0586520499799663 0.0226289985906367 0.00156085658382499
Pop2 1 0.0441242601859264 -0.00602965594160144 0.0444882295746568
Pop2 1 -0.0113858494670504 0.0180784407976583 0.0415868912540174
Pop2 0 0.0405317030783102 -0.00223388758441154 0.011380953171726
Pop2 1 0.0225166690477487 0.0158915480967926 -0.00877295267378876
Pop2 0 0.051599063580645 0.0253934178813734 0.0852969276969768
Pop2 1 0.0110109268036829 0.0212038297028378 -0.000503080619135753
Pop2 1 0.00316971958364855 0.051657436919365 0.0352524079565184
Pop2 0 0.0019480121621094 0.000603757731717411 -0.0143012852257948
Pop2 1 -0.0173065766918295 0.0100849575871759 -0.0134962062687773
Pop2 0 -0.0271860714139224 -0.00583249466715002 -0.0182154562056393
Pop2 1 -0.0230110467575634 -0.0393689422421417 0.00391680329653216
Pop2 0 -0.00163617496567595 0.0157614308773103 0.0517231158989263
Pop2 0 0.00203653563326533 -0.0109754805742702 -0.00333942801447509
Pop2 0 -0.0110421139083888 0.00138208444634415 0.00257995944222549
Pop2 0 0.0574452135295569 0.00930055956303358 0.0115673979259842
Pop2 0 0.0238154457298159 -0.00529473610884695 -0.00171420764961256
Pop2 1 0.00329477544400612 0.0218522729001458 0.0123364207131969
Pop2 0 -0.0333451560356406 -0.0265743100027353 -0.0295091295579934
Pop2 0 0.008343145502418 0.00287066733526326 -0.0171090009807844
Pop2 0 0.0175330563680142 -0.0167913393277862 -0.0222509503587188
Pop2 1 -0.0113659374268502 0.0280602949418551 0.0370327720711139
Pop2 1 -0.0066664580254303 -0.0371724428725531 -0.00918326915052719
Pop2 0 0.00394524142901116 0.0122506870040204 -0.00233382283544077
Pop2 0 0.0103679159371836 0.015989897958837 0.0130848756304087
Pop2 1 0.0434071478617256 0.00622561254863166 0.0175363904455302
Pop2 0 -0.00752429853192618 -0.00282923656960579 0.0338587747485252
Pop2 0 0.00380910129409891 -0.00845174316008793 -0.0460689258158193
Pop2 0 -0.0030765838275322 -0.0107156799792143 0.0110323257195003
Pop2 1 0.0353687932753244 0.0159028281353124 0.0254151930331122
Pop2 1 -0.0197609300326396 -0.0375040007616171 -0.0441076004232765
Pop2 0 -0.00110253141719594 -0.0149238043562725 -0.0363272799301794
Pop2 0 -0.012750436246934 -0.0484955689542662 -0.095774248629257
Pop2 1 0.0291174813952885 0.00458109799922482 0.0177714579840894
Pop2 0 -0.00817044407666123 0.0575222491897427 0.072366597206493
Pop2 1 0.0549553768636215 0.0120231036486319 0.0211626779164302
Pop2 1 -0.00138601366486198 -0.000758030402215248 -0.0135956351996679
Pop2 0 0.00517817641042682 0.000506713188684803 0.0145756556303966
Pop2 1 0.0585210589022508 0.0228471975850421 0.0745691591754274
Pop2 1 -0.0369956922932775 0.00764146226353856 -0.0312304285227465
Pop2 1 0.0290474506409507 -0.00263143815715646 -0.0677158859947276
Pop2 0 -0.0135593556906423 -0.00239772474559062 0.0276547654103376
Pop2 0 0.0257485076276244 0.0209263782579372 0.0345787683940687
Pop2 0 0.0140888864062344 0.0531364253828688 0.0865005220615364
Pop2 1 -0.0305303045345054 -0.0260948016416085 -0.0303379442104816
Pop2 1 0.0434710534919582 0.00091662822345266 1.77507395777485e-05
Pop2 0 -0.00232518140009853 0.0339118141219433 0.0490860511684047
Pop2 0 -0.0119320197787587 -0.00388378577285903 0.0103497248984387
Pop2 0 0.0257275723276615 -0.00854760214384857 -0.00279128076511688
Pop2 1 -0.0110607578067298 -0.010089372233274 -0.0278694100990036
Pop2 0 -0.0580168286772016 -0.0114307979726993 0.0386802295552856
Pop2 1 -0.033444630982897 -0.0232994507367706 -0.0248372124670134
Pop2 0 0.00307410020534664 0.0404735578661738 0.0656111162289278
Pop2 0 -0.0533276311830923 0.016564271241066 -0.00635214051656015
Pop2 0 -0.0192603358252357 0.00202297897254071 0.011202900974095
Pop2 0 0.0124095503429346 0.0500416886614951 0.0776108158512328
Pop2 0 0.0252302190335012 -0.00555017542370209 -0.0344184590978847
Pop2 0 0.00194752856360044 0.0155189077772596 0.0599849725477004
Pop2 1 -0.0391722163119527 0.00740663261673357 0.0308829113694079
Pop2 1 0.0137393692868239 0.0389487249727325 -0.01931690670519
Pop2 1 -0.00980959533611969 0.0155746035787317 0.0224050740439242
Pop2 1 -0.0090368535262546 0.030148366657398 0.0463880445471311
Pop2 0 -0.0205487600192631 -0.0381499639640574 -0.058356638963633
Pop2 1 -0.0565956952047523 0.0408178919224798 -0.0149059480294066
Pop2 1 0.0287375773114219 -0.0263951245023939 -0.0262601364405159
Pop2 1 0.0237265040057987 -0.00494899264412961 -0.0205041324305434
Pop2 1 0.0128873611458173 0.0140112637484298 -0.0146835544196378
Pop2 0 0.0432396978180031 0.020731467638774 0.0172374740101733
Pop2 0 -0.0287479319250397 -0.0084102639219082 -0.0303740149287842
Pop2 0 -0.000122018664975016 -0.00280230139634927 -0.00114794435006969
Pop2 0 0.00771534433330923 -0.0158288456292164 0.0189360581015985
Pop2 0 0.0251392068105499 0.0430270766341445 0.0714876318462123
Pop2 0 -0.0247461081915873 -0.00596934101925482 0.0226930405973045
Pop2 1 -0.00572702236773056 0.00684751869404598 0.00177234031602286
Pop2 0 -0.0317611926342237 0.00576997773718107 0.0206035789973972
Pop2 0 -0.0145804999404872 0.0360141255582062 0.0274083559513145
Pop2 1 -0.0286510731372973 -0.0219141765302419 0.0160884265943199
Pop2 1 -0.0023655245353522 0.0436395021384698 0.0518910160521611
Pop2 0 0.0102324217770888 -0.000774044397684212 -0.00104041636643177
Pop2 1 0.000413445894715575 0.0539092684707796 0.0178824659816780
Pop2 0 -0.00712383957449522 0.00975279484889529 0.0346706342458891
Pop2 1 0.00224922889556056 0.0185853692144891 0.00566140547567956
Pop2 1 -0.0299922520353287 0.0495445498773613 0.0576087960794924
Pop2 1 -0.014135350855841 -0.00903541984302818 -0.0300240519436211
Pop2 0 0.0243010479496661 0.0235114928348131 0.0132271137504871
Pop2 1 0.00841649570596953 0.0255009058620204 0.0457409366540604
Pop2 1 -0.00630482161286671 0.012153684961603 0.0208420798660548
Pop2 1 -0.0565471096484819 0.00222042148728287 -0.0133648664478645
Pop2 0 -0.0248659978902862 -0.0137570871007071 -0.0184956956348954
Pop2 1 0.0284010797714135 0.0355429444526124 0.00345203288368425
Pop2 0 -0.00218301725388009 0.00614081135501806 -0.0213393722164517
Pop2 0 0.00783752118833063 -0.00281911479804195 -0.00909841497927205
Pop2 1 -0.0258559317583379 0.0192627189331712 0.0358142283486025
Pop2 1 0.00598935311799161 0.0228332862957779 0.0450458479182681
Pop2 0 0.00331151973071755 0.0388236990852785 -0.00246326641063498
Pop2 0 -0.0289857591689905 0.0139484634349369 0.0376998453212965
Pop2 1 -0.0275399637715798 0.00369440313625622 -0.0160648994777347
Pop2 0 -0.0261565894333409 -0.00828328395336116 -0.0221441257613854
Pop2 1 -0.0403807340091909 0.00617346723202204 -0.0397722991520464
Pop2 0 0.0168817052962994 -0.0140700440885909 -0.00581866615138787
Pop2 0 -0.0176915076306111 0.0325667729570195 0.0164734235685710
Pop2 0 -0.017162445001922 0.0236465230460339 -0.0515325617435533
Pop2 0 -0.015705394590283 0.0504040544349093 0.043542682419319
Pop2 1 0.0162053596573736 0.0483876640137731 0.0130534836694485
Pop2 1 -0.0436265150752326 0.0311310337879162 -0.0194366098357613
Pop2 0 0.00794670104118792 -0.0215194261754473 -0.00894401932054504
Pop2 0 -0.0236874207668664 -0.0254996382156551 -0.0261557003576239
Pop2 0 0.00483003723236969 -0.00065999272940579 0.0222687685789152
Pop2 1 0.0165289517813156 0.0405139354717514 0.00636349742735453
Pop2 0 -0.0311727643584468 0.0164887542242698 0.040234710770307
Pop2 0 0.00823264324139474 0.00624942825654192 0.0361884457821473
Pop2 0 -0.0213654346898149 0.0297756453023187 0.0183472794295161
Pop2 0 -0.010242848347091 0.0138015345986766 0.0568242229153147
Pop2 1 -0.0176188235857313 0.0468692397107475 0.0624980864692627
Pop2 1 0.0121378195086243 0.0444397743909596 0.0253789492227929
Pop2 0 0.00287019193678907 -0.0040899499877008 -0.0200025451147242
Pop2 0 0.00841435843043727 0.0213995108889422 -0.000744320541747823
Pop2 1 -0.00154520597867655 0.0292759384227494 0.0276239599231907
Pop2 1 0.00502058104384619 0.0144497989366724 0.0381733785138252
Pop2 1 0.018348671510753 0.0554781046936121 0.130152079465826
Pop2 0 -0.0381493429447226 -0.00386657163511253 0.00761428474849637
Pop2 0 0.0126509931057519 -0.0107189855933675 0.0284847849487228
Pop2 0 -0.0151296748308179 0.0180115139759737 0.0542769404711873
Pop2 1 -0.0416578300206183 0.0289158476665297 0.0313401242909489
Pop2 0 -0.0476445860523546 0.0295216514158935 0.0542118632790583
Pop2 1 0.00667410526269503 -0.00176941204164956 -0.0105412474183431
Pop2 0 -0.0249146925700306 -0.0446442475229117 -0.0605354331206144
Pop2 0 0.00782484817740663 0.00358551520408271 -0.0261166099411505
Pop2 1 -0.0501017005576455 -0.00942753044280448 -0.0088772039705303
Pop2 1 0.00691704965752332 0.0539856898837474 0.0274645425974252
Pop2 0 -0.00539300096189583 0.00135192321869694 -0.00709975558279085
Pop2 0 0.0356813247317142 0.00403795230092902 -0.0543090234585801
Pop2 1 0.022567548356011 -0.00240199424369062 -0.0356683938801563
Pop2 0 -0.0320799781961609 0.0323455912167677 -0.00225694892217207
Pop2 0 0.00835016029605159 0.00968959064109432 0.0125837168075204
Pop2 0 0.0297424171250287 9.96054198910587e-05 0.0317180750077955
Pop2 1 0.0229039695538898 -0.0524052445103968 -0.0736444053202923
Pop2 0 -0.0435318109913246 -0.0435020997530609 -0.0395913596352579
Pop2 0 0.0354743078817541 9.10993926846033e-05 0.0253773092979532
Pop2 1 0.0352025102397421 0.0298133001097607 -0.0056615336865036
Pop2 0 0.00634670401179884 0.00957056003211072 0.0260063863578325
Pop2 0 0.03523352726989 0.00429404608756871 0.0216265119554616
Pop2 0 -0.0092388644998146 0.0348473451410442 0.0274198611079526
Pop2 1 0.0340370825165771 -0.00800823613222473 -0.00475672583860027
Pop2 0 0.0096243904532569 -0.0480069565331212 0.00135255474761586
Pop2 1 -0.0264074509889677 -0.0180155386084308 -0.0307267177260759
Pop2 1 -0.0145512409423771 0.0208166369738956 0.00811546407935922
Pop2 0 -0.0291120052738379 -0.0162889500135014 0.0122811846643174
Pop2 0 0.0474086028361108 -0.0429679181488194 -0.088751127829139
Pop2 0 -0.00467738056467794 0.0104385225397343 0.00810155024810143
Pop2 0 0.0161719181346703 -0.0116730499138114 0.00642802866512275
Pop2 0 -0.00466839377046351 -0.0496049576356778 -0.00513586941699725
Pop2 1 0.00454773140962053 -0.0130903683881842 0.0310385657747468
Pop2 1 0.035924084922 0.0377772056830569 0.027827435333921
Pop2 0 -0.0121531303221135 0.00623553850655959 0.0320228013838866
Pop2 0 -0.00083634374546158 0.0433997292507179 0.0433818347649694
Pop2 0 0.00667582486775266 -0.0494892393907555 -0.0547287275771554
Pop2 0 0.0130623727603854 0.0168485835372746 0.0358156243647912
Pop2 0 -0.0200474840485412 0.0497422122326659 0.0553811576308153
Pop2 0 -0.00705193179602034 0.0621036185453806 0.0922913195154536
Pop2 1 -0.0134768401664038 0.00125431705737517 0.000949595905351326
Pop2 0 0.00230449352576285 -0.0317730828910982 -0.0119762721722928
Pop2 0 -0.0212686115404347 0.00922620465461058 0.00595561903971293
Pop2 1 0.00845144387886984 0.0130865240438155 -0.0358656078408471
Pop2 1 -0.034164251515104 0.017908361112621 0.0509582196527969
Pop2 0 -0.0556250891459158 0.0548142687140949 0.0155432474013932
Pop2 1 0.0381934939874734 0.00906409160702828 0.00444715858704114
Pop2 0 -0.00645873947652821 -0.0269072024076742 -0.0453535924640443
Pop2 1 -0.0222552440508977 0.0149266585679863 -0.01519188556226
Pop2 0 -0.0255555667577878 -0.0114870362390064 -0.00350552494392686
Pop2 1 -0.0139744100042737 0.00524431049717304 0.022607687244529
Pop2 1 0.00341393813216098 0.00552962229095796 0.0497779175662904
Pop2 0 -0.0293547288371676 0.0046084050613848 -0.0286432356725224
Pop2 0 0.018959468103986 0.0151478762356709 -0.0182834751422343
Pop2 1 -0.0242305643229938 0.00673745090684968 0.0251838866959055
Pop2 0 -0.0127785163555378 0.0196608785941224 0.0285912613009898
Pop2 0 0.031705397931491 0.0482714523515276 0.0752909721828904
Pop2 0 -0.00255278536657865 0.010516900048558 0.0254474763875812
Pop2 1 -0.0197256276327808 0.0184721881552366 0.0202222680381463
Pop2 0 0.0306571788886241 -0.00393862178121801 0.0263998653981958
Pop2 0 0.0621852498085878 0.0413249446424141 0.0592030262017435
Pop2 0 -0.0489625711103687 -0.0257326078863059 -0.0290532813627324
Pop2 0 -0.038435732662246 -0.00818880777568693 -0.0197465756211355
Pop2 0 0.0341564708005898 -0.0182469663693915 0.0019082681560706
Pop2 1 -0.0347467069308625 0.0119087852002068 -0.0100623408252472
Pop2 0 -0.0300059077190776 -0.0164915066046031 -0.0157760368962315
Pop2 1 -0.040770220800342 0.0143034228113624 -0.0140577903405087
Pop2 0 -0.0168011092656743 0.00157428821524864 0.0361044175400454
Pop2 1 -0.0368824031868372 0.0201261741056252 0.0164280341867739
Pop2 0 -0.00513560010112289 -0.0052696857186122 0.0141647991149078
Pop2 1 -0.0051249376323722 0.00945360125291614 -0.0136142196819551
Pop2 0 0.0418421359881941 0.054930283721831 0.0634744390898488
Pop2 1 0.0195812957094689 0.00267229744993175 -0.0144960200750695
Pop2 0 -0.0272859734453359 0.0508179205513886 0.051077208540377
Pop2 0 -0.0212159079014082 -0.0184504550502864 0.00795271409346655
Pop2 0 0.0186113843715914 -0.0448993008797125 -0.0493590369668614
Pop2 0 0.0352474493158671 0.0204929079763272 0.0261697829251187
Pop2 0 -0.0121218131680645 -0.0268762918075362 -0.0480235773152397
Pop2 1 -0.0290136580259116 0.0187175530878393 0.0488588437252475
Pop2 1 0.0140073978188906 -0.00165833047309458 0.0171664318774879
Pop2 1 -0.0143757294098144 -0.00410280008856796 -0.0104259390328273
Pop2 0 0.0155049871788713 0.0177431560377843 0.0465785932033803
Pop2 0 0.0168417052718871 -0.0345915226302872 -0.0711948214880383
Pop2 0 0.000229003036702526 -0.0118486083634228 0.000380302114972328
Pop2 0 0.030111036223313 -0.00236745338550984 -0.0311625161019191
Pop2 0 0.000206286697937113 -0.013965407767318 -0.0406989684941259
Pop2 0 0.00434264551485264 -0.0126950290734484 -0.0506036332587748
Pop2 1 0.00636155299734491 -0.00671505520334189 -0.030127736220032
Pop2 0 0.00554651400522387 -0.052579267520542 -0.0485829922754149
Pop2 1 -0.0159022515795362 0.0537716203680009 0.0391206769322758
Pop2 1 -0.0258401795432099 0.0359152957331456 0.00836307556978375
Pop2 0 -0.0120838008432281 0.000189180652002612 0.00444758023044288
Pop2 0 -0.0333973523195733 -0.0351824288463876 -0.0690058082883747
Pop2 0 0.00529160990672855 0.0869332698844953 0.081689809062513
Pop2 1 0.0548901959509818 0.0410132104919082 0.0268600309728715
Pop2 1 0.0184747513103605 0.00609307723738042 0.0310536501271131
Pop2 0 -0.00846921787601016 -0.0319482618989723 -0.0165796540772546
Pop2 0 0.00513318121372477 0.0259773088069474 0.0239064634450681
Pop2 0 0.00965686561334543 -0.00399018284120338 0.0552819574906621
Pop2 1 0.0322016517397727 -0.0292132359153875 -0.0330819568503843
Pop2 1 0.0539986100631253 0.00879619048681553 -0.00534181964751818
Pop2 0 0.00164648303311195 0.0218107635986703 0.00848102129432081
Pop2 0 -0.044666374991013 -0.021799892803507 -0.029514368990778
Pop2 0 0.0183446769061198 -0.0543511747169686 -0.0216110394441803
Pop2 0 0.0542015598050496 0.00462448101389566 -0.0258782781629536
Pop2 1 -0.0439088372072406 -0.0131372130480643 -0.0392961754245226
Pop2 1 0.0348871061369702 0.0280591967134018 0.0149147745273864
Pop2 1 -0.0288372013019903 0.00540886002333414 -0.0108264001779797
Pop2 0 0.0425366456431856 -0.0566669278766221 -0.0291147521418523
Pop2 0 -0.00878856198223203 0.000142723985732969 -0.0178574792148919
Pop2 0 -0.0510223653772798 -0.00120960170927357 0.00227567858392297
Pop2 0 0.0190403122915749 0.0271560737737439 0.0741105068600298
Pop2 1 -0.0137175071165552 -0.0205139832962798 -0.0272903158094426
Pop2 0 7.93077069406032e-06 0.0346466898079222 0.0527189929998896
Pop2 1 0.0279218101032459 0.0219687556567926 0.04235722685661
Pop2 0 0.0136482061195261 0.00119440133466617 -0.0102148827136903
Pop2 0 0.0264238166415816 0.0211933468870156 0.0469158267480994
Pop2 1 -0.00186752922193688 0.0208404469123489 -0.0254372566854069
Pop2 0 0.00307061006559423 0.0275711250194371 -0.0179600216231147
Pop2 1 -0.0471524936293424 -0.0233347504490405 -0.00847172566821953
Pop2 1 0.0178315145254646 0.0220173743182587 0.069885846714433
Pop2 0 -0.00928294528949687 0.0376904553086507 0.0633867950826307
Pop2 0 0.0648655383932344 0.0147468436755872 0.0262494680603880
Pop2 0 0.00570499698847133 -0.0172493966223253 -0.0026975928340353
Pop2 1 0.0132243825043219 0.0154859313835734 0.0241563764023412
Pop2 0 0.0164086475864207 0.0549011298564423 0.0597538190801531
Pop2 0 -0.00804335501255792 0.0045827073881164 -0.00387650627086012
Pop2 0 -0.0207080411994639 0.0407043163609101 0.0339542602030839
Pop2 0 0.0178112315927229 -0.0227520763043603 -0.0346145984384803
Pop2 0 0.00752156336490576 0.024493251818994 0.047505440849565
Pop2 0 -0.0192534037280638 -0.00406226222286445 -0.0445034767103041
Pop2 0 -0.0140739124737782 0.013164455072996 0.0264486390040856
Pop2 1 -0.0245501736199142 -0.0187092661095393 -0.00558820527362344
Pop2 0 0.0335361303514718 0.0288197797367912 0.0276680377427722
Pop2 0 -0.0515572260790772 0.00680312991813379 0.00142386442641361
Pop2 0 0.0157290702380292 -0.000370417884158874 -0.0176810345394778
Pop2 0 -0.00297415386579304 0.0221769792115613 -0.0208292003548893
Pop2 1 0.0195973491441643 0.0359861199133825 0.054747629809693
Pop2 0 0.0348852389423276 0.0251801456131705 0.0154075012773298
Pop2 1 -0.0345490729536741 -0.0309747263782981 -0.0381114879102748
Pop2 0 -0.0150973884472324 -0.00865112839160095 0.0238590441923077
Pop2 0 -0.0113118537217476 -1.19451898187472e-06 0.0419254834863201
Pop2 1 0.0142754269528302 0.00574158064518089 -0.0149241170583349
Pop2 1 0.00778346676948121 -0.0335610354890484 -0.0118016531138672
Pop2 1 0.0334578695783921 0.017179417879598 -0.00730410998922806
Pop2 0 -0.0324379403333503 0.00878553523371333 0.00363204242212656
Pop2 0 -0.00382940608294101 -0.0103876504516158 0.0214183121715362
Pop2 1 -0.0231100795078622 0.0219350185763412 0.0703653186579626
Pop2 1 -0.0652248634163218 -0.010940565275291 0.0102927492543517
Pop2 0 -0.0118682952094329 0.0133591035342218 0.0440050189685886
Pop2 1 0.0314862695965435 0.00524357258489534 -0.00394011943556068
Pop2 1 -0.0122486136271991 -0.0511737621605435 -0.0433980688010423
Pop2 0 0.0166106500795696 -0.00663247286531005 0.0119688567096654
Pop3 1 0.0661221059630312 -0.0115201034064195 0.0172980091154261
Pop3 1 0.00703158932201013 -0.01097532608791 -0.0217182377758445
Pop3 1 -0.0090844849480667 0.00182417960990489 -0.0200428307348543
Pop3 1 -0.0243046201815746 -0.0361969843181288 -0.048886092652806
Pop3 1 0.0137561145532382 0.0167490996273395 0.023874712709284
Pop3 1 0.0286203923091594 -0.0515138726430763 -0.064090450159852
Pop3 1 0.0170076285316751 0.0154080096185713 -0.0176806950230275
Pop3 1 -0.000668163309126288 -0.0302284269801259 -0.0407191016092196
Pop3 1 0.0409233219783856 -0.00133582007334949 0.0165198750598248
Pop3 1 0.0396351920820367 -0.0109565353788405 -0.00033937567886122
Pop3 1 0.0246532893970138 0.0199976776712833 0.0353999709079474
Pop3 1 -0.0459893833782976 0.0167856645554126 -0.0274322113918346
Pop3 1 0.0250867158264372 0.00630111219858369 -0.00850231245418655
Pop3 0 -0.0275482463853474 -0.0482403562302907 -0.050326592715235
Pop3 1 -0.00776264270593778 -0.00823918904698978 -0.0120654145152536
Pop3 1 0.0231602898990561 0.0187200101866585 0.0122191505837605
Pop3 1 -0.0200996666518936 -0.0389395621133994 -0.0200788130200584
Pop3 1 0.00387659029400975 0.00969703923804162 -0.000618340125610482
Pop3 1 -0.00339818717819224 -0.0226586693972993 -0.0526349149192219
Pop3 0 -0.0302288151071256 0.00728325478598257 0.0143529062479104
Pop3 1 0.0334666925445059 -0.0469403648221768 -0.075377831530571
Pop3 1 0.0198842095318169 -0.064051705432447 -0.0487249070796287
Pop3 1 0.00328070860470918 -0.0561798878045097 -0.0859957416439867
Pop3 1 -0.0154152457546906 -0.0360428218359372 -0.0861073295846683
Pop3 1 0.0279783887801835 0.0085100225422887 -0.0482383438069232
Pop3 1 -0.0185657457224046 -0.0435538672835743 -0.0438919808994389
Pop3 1 0.009647711935996 0.0142272228644486 -0.0232398410642833
Pop3 1 0.00943170162059042 -0.0329836412682013 -0.0821209245225782
Pop3 0 0.0136547397170143 0.00777676384034834 0.00351125768246624
Pop3 0 0.0384407608385729 0.0116797890819455 0.0649226961933388
Pop3 1 0.025806908734368 0.0405443040696818 0.0372684169672574
Pop3 1 -0.00119365597178357 -0.042355411113202 -0.0517131419699589
Pop3 1 0.0283146085801185 -0.00213628523164917 -0.00133469493208399
Pop3 1 -0.00489063955149644 -0.020688516864867 -0.0279697084886936
Pop3 1 -0.023748111362083 -0.0424279560839842 0.0171925823141325
Pop3 1 -0.0208746342491999 0.0390345654988285 0.0115985633397531
Pop3 1 0.0670885349153194 0.0128690654036551 -0.000895780790167494
Pop3 1 0.026541182954829 -0.00259758442114734 -0.00345087138237645
Pop3 1 -0.0182488776049018 -0.0209254046826944 -0.0250200033169422
Pop3 1 -0.024855606044103 0.0273367320148024 0.0754717965578497
Pop3 0 0.0170486170351566 -0.00791695923488087 -0.0335781524571091
Pop3 1 -0.0020715547822729 -0.00899272830162944 -0.00985417232722436
Pop3 0 -0.00610248498647644 0.0218317069002956 -0.00415060681935564
Pop3 1 0.0186004770583998 -0.0493413332839468 -0.0429442392115398
Pop3 0 -0.00766332003279744 -0.0289454033119491 -0.0242976012026010
Pop3 1 -0.0366083947576141 0.0336278159161289 0.0515023370974443
Pop3 1 -0.00606613413681931 -0.00400564636047951 0.0382062658215822
Pop3 1 0.0275597563729456 -0.0608625085110437 -0.034116742516625
Pop3 1 0.0106059805025382 -0.0365415865568275 -0.0409811251570282
Pop3 1 -0.025937400758681 -0.0156435146488731 -0.0273815742636967
Pop3 1 0.0289575421317011 -0.0150422194503771 -0.0502347569834372
Pop3 1 0.0129936909459608 -0.00550127586102951 0.00194003140000215
Pop3 1 -0.0612006339896608 0.0298485634747754 0.084998091250737
Pop3 1 -0.00621004600578104 0.0278162914554535 0.0692499190795576
Pop3 1 -0.00528666367958132 0.0271165484377449 -0.0178920211930449
Pop3 1 -0.0413050636802307 0.022918077757548 0.0503888565992826
Pop3 1 -0.0293808882349777 -0.00292854975607453 0.0214532194745367
Pop3 0 -0.062666240089767 -0.0220095263410819 0.0101281026704745
Pop3 1 -0.0240660110191203 -0.0470298373785017 -0.0349283323072186
Pop3 1 0.0407174107206204 0.0331125043813261 0.0258065774371587
Pop3 1 -0.0428358604973536 -0.0305574439546097 -0.0127078930169719
Pop3 1 0.0091103920451387 0.00106181313350052 0.0233525980602322
Pop3 0 -0.0289584344504668 0.00178188680670941 -0.0224975089757570
Pop3 1 0.0375947644514644 0.0329843046566571 0.0416170600473214
Pop3 1 0.0292965649596729 -0.0312255408853933 -0.00521259411093447
Pop3 1 0.0301829097886194 -0.0248068606033371 -0.0235395554089914
Pop3 1 0.0116262292824658 0.0184537518861811 0.0396791614352609
Pop3 1 -0.0207809577727646 0.000433981567289352 0.0203552831880618
Pop3 1 -0.00379123349256894 0.009604040620757 0.00672743885777756
Pop3 1 0.0199946444476846 -0.0164460535728645 0.0201416611578589
Pop3 1 0.0526022750742783 -0.00504081345643059 0.00225716502138831
Pop3 1 0.0291893186556153 0.0452206098681094 0.0625631082735861
Pop3 1 -0.011491850271366 -0.0169692653497105 -0.0584898707726822
Pop3 1 -0.00187388850720962 -0.00895030588198379 -0.0420775555919853
Pop3 1 0.00202313529910099 -0.0354954611732681 -0.061373770352647
Pop3 1 0.00908832128730249 0.00400145571611305 -0.0197050174158621
Pop3 0 0.00624622106007727 -0.0390024545674152 -0.0055847975030725
Pop3 1 0.00585883345298455 0.00657646177460186 -0.00357961314326730
Pop3 1 0.00518102451347605 -0.0135744180346529 -0.0314285983602310
Pop3 1 0.0086680002648337 -0.0321225503663962 -0.0228489166785583
Pop3 1 5.60605807725171e-05 0.0153132140652954 -0.0255176910559397
Pop3 1 0.00836718035435467 7.03649291728092e-05 -0.00748070075559452
Pop3 1 -0.0285203779986668 -0.0446652997232709 -0.00605109425835482
Pop3 1 0.0403300358009266 -0.0497613140208672 -0.0802315869899123
Pop3 1 -0.013263291649926 -0.00124227035301049 0.00749029159531307
Pop3 1 -0.0213256401061457 -0.0117741936221222 0.0124048003948730
Pop3 1 0.0189424053403728 -0.0239448200607918 -0.0369460111630206
Pop3 1 -0.0458594182991694 0.00678807289575406 0.0104530555811291
Pop3 1 0.038854892529635 -0.0567578337536515 -0.0156759975005546
Pop3 1 -0.00921206346685653 -0.0264028008845511 -0.0459488908646245
Pop3 0 0.0690011021510582 -0.0194907946167843 -0.0408526349607607
Pop3 1 0.0248623707242689 -0.0278898801599184 -0.0272768682000299
Pop3 1 0.0246014192900737 0.00729395038260183 -0.00509174563995966
Pop3 1 -0.00578838522646814 -0.00128101076239097 0.0101569756109573
Pop3 1 -0.032012592697 -0.0480727944380309 -0.0112912047346179
Pop3 1 0.019944876207292 0.0107117848337874 0.0205380641108153
Pop3 1 0.0169419956179138 -0.00570942791677387 -0.0130647785951487
Pop3 1 0.0043995414267818 -0.0330775245292902 -0.0698932586718655
Pop3 1 0.00925600054230702 -0.0236571175582306 0.00944297856702023
Pop3 1 -0.042365965572421 -0.0379798420732911 -0.047623132131938
Pop3 1 0.0258887470599148 -0.012889445044971 -0.0607666457535102
Pop3 1 0.0142723826086601 -0.0256687166783156 -0.0224957663505155
Pop3 0 0.0198453741496172 -0.0791353372984724 -0.064485288585144
Pop3 1 0.0072978684516146 0.0179801332300667 -0.00166787567827151
Pop3 1 -0.0461328074571257 0.0370305656318995 -0.0193638857256031
Pop3 1 0.0111110662718787 -0.0668766169862732 -0.0694395720050899
Pop3 1 0.0302316408446987 0.0212688857443342 0.0563081367660259
Pop3 1 0.00543405536275136 0.0126186381931332 -0.0126321970503128
Pop3 1 0.0683126607151138 -0.0225126453392745 -0.0313979114448509
Pop3 0 -0.00532106259545719 -0.0187434918283186 -0.0190736332406772
Pop3 1 0.0381518624346671 -0.0134547758830389 -0.0176087071450343
Pop3 1 -0.0245725215558634 -0.0131051876308589 -0.00346287910363829
Pop3 1 -0.0110806017022299 0.0102069828404344 0.00564846589993901
Pop3 1 0.0368733908973373 0.00463448211258102 -0.0101287199754313
Pop3 1 -0.0079436042112416 -0.0265204922188809 -0.0392548541027266
Pop3 1 -0.0337828282915651 0.00830459668394816 0.0291137176249798
Pop3 1 0.0147418553686735 -0.0301967621838007 -0.0236358212002523
Pop3 0 0.0187938624174489 -0.0636742619234433 -0.0644373276119419
Pop3 1 -0.0351165663758472 -0.031401153493597 -0.0488746059553594
Pop3 1 0.0184716006448367 0.0174179187778172 -0.00520289700412557
Pop3 1 -0.00097183251103420 -0.00205785764839684 -0.0112336739272651
Pop3 1 -0.0417566256254223 -0.0434126742084644 -0.077337017593916
Pop3 1 0.0118470041066409 -0.0159773207235039 -0.0135510291082714
Pop3 1 0.0637982398559873 -0.0541953967896423 -0.0581789325985741
Pop3 1 0.00201133903308284 0.0102245382930751 -0.0222091259782337
Pop3 1 -0.0306860658144567 -0.00926894921122684 -0.0228132284569353
Pop3 1 0.0235255627106707 -0.0226680444536016 -0.0759220104606714
Pop3 1 0.0123102070232544 -0.012346860871311 0.0247723889867596
Pop3 1 0.0269674171080983 -0.046213495654576 -0.0187866490814464
Pop3 1 0.0242333043300813 0.0290743426005596 -0.0115506009842236
Pop3 1 -0.0294471355516113 -0.0162151519858325 -0.0438849636969957
Pop3 0 0.0162096210987526 -0.00983996960232156 0.00827532533770546
Pop3 1 0.0475082914534597 2.11163095528477e-05 -0.0142583721532809
Pop3 1 -0.0306862923642311 -0.0247362831039737 0.00971965425135512
Pop3 0 0.0451210562813907 -0.0207415773247028 -0.00341469493433127
Pop3 1 -0.00221311838580322 -0.0221225362262747 -0.0254807539390613
Pop3 1 -0.0241141476053381 -0.00923683933971128 -0.0234384835348566
Pop3 0 -0.0290902108876922 -0.0235206718178014 0.0422968538122988
Pop3 1 -0.00149004726526359 -0.00640295497197908 -0.0203401415587172
Pop3 1 -0.0378906748757119 -0.005980411517257 0.0298977788335039
Pop3 1 0.0260829374697907 -0.0370412285568142 -0.0641265220997641
Pop3 1 -0.00613746208130181 -0.0551040642517809 -0.0517106844517756
Pop3 1 0.0141468270804567 -0.0373854676237302 -0.0370278876064278
Pop3 1 -0.0357130050515673 -0.0227407453345732 -0.031691055483537
Pop3 0 -0.039499353863648 0.0478975049228222 0.0549727403903136
Pop3 1 0.0220176662917108 0.0274391173297371 0.046290380973926
Pop3 1 0.0104543469604115 0.0217682028669276 0.00408300444695996
Pop3 1 0.0222990741899506 -0.0242547014336957 -0.0281793869031895
Pop3 1 -0.0377624982516924 0.0113105706136929 0.0501230847415701
Pop3 0 0.00696720108376593 -0.0686717250411467 -0.0614904678946447
Pop3 1 -0.00917099227576332 -0.0200687723034374 -0.0372717636933098
Pop3 0 -0.00159980325483065 -0.0209883585172963 -0.00365845163401818
Pop3 1 0.0299981433870554 0.00544894495756178 -0.00184023630450499
Pop3 1 0.0312224492526281 -0.0056777563240845 0.00239513473155171
Pop3 1 -0.024219137001061 -0.0477358415296668 -0.0558591541396804
Pop3 1 -0.000701971162022431 0.042272527790192 0.0324935113618564
Pop3 1 -0.0165379213426771 -0.0434283060938553 -0.0352884578464529
Pop3 1 0.000471850832858503 -0.00159216800160773 0.00911929335216487
Pop3 1 0.0159227526780627 0.00579098057438887 0.0509863685767326
Pop3 1 -0.00410745118249289 -0.00896756308226277 -0.0360065386118198
Pop3 1 0.0259751150340437 0.0131956969578614 0.0240068594809100
Pop3 1 0.0166843873233675 0.0138806573312833 0.0803159026409738
Pop3 1 0.0238013647895933 -0.0259120926518277 0.0147046958547067
Pop3 1 -0.0031420188221319 0.0104288818078125 0.0112036467313346
Pop3 1 -0.0224098092089872 0.0320470288600104 0.0350702290065951
Pop3 1 0.0140601716131006 -0.00695873654413981 0.0470739914630946
Pop3 1 -0.0225272397576185 0.00400735201412129 -0.0644380794528026
Pop3 1 0.00724770396866719 -0.0576886810670683 -0.0239162221681651
Pop3 1 -0.0294053146568311 0.0279801590108665 0.0491331089646574
Pop3 1 0.00715841207043536 -0.00592781246774138 -0.0235621732279372
Pop3 1 0.0077489787986789 0.0184398925545643 0.0509041527136167
Pop3 1 -0.0197082333449704 0.0273737865461771 0.0220298596232026
Pop3 1 0.0193331426132829 -0.0104219043149233 -0.0398311932729433
Pop3 1 -0.0370295406303045 -0.018206212271573 -0.0101454597820966
Pop3 1 0.0347275140708058 -0.0193661811128759 -0.0534322994511691
Pop3 1 0.0248081002860167 -0.0307303087295627 -0.0289136254773097
Pop3 0 -0.00503151637760937 0.0424634385982294 0.0566806974222001
Pop3 1 0.00317176187233385 0.00784956965431509 0.0196214581260544
Pop3 1 0.00362252844040371 -0.0137337583429458 -0.00619269474236891
Pop3 1 0.0147227803397023 -0.0078101654393727 0.0185767454362430
Pop3 1 0.00982557518733215 -0.0192520087045954 -0.0310526684615282
Pop3 1 -0.011334177350167 0.0375653871300638 0.0976176109878819
Pop3 1 0.0171884224542981 0.000212797217384418 0.0255795173213352
Pop3 1 0.0134650834768188 0.00846174101904441 0.0232551754128805
Pop3 1 0.0200298490307147 0.0232293286354795 0.0272598492109484
Pop3 1 -0.0224522069047844 -0.0206476823149075 -0.0186069131285672
Pop3 1 0.00163539137908494 -0.0392627080755905 -0.0291818886536280
Pop3 1 -0.0257335023204171 0.0235161151719116 0.0216763516118166
Pop3 1 0.0123393276301898 0.0145127819437939 0.0189405001615364
Pop3 1 0.0135142694238198 -0.0102739336944914 -0.00633263895401402
Pop3 1 0.0220474504100219 -0.0406038137111289 -0.0475236128039589
Pop3 1 0.0585523182808251 0.0290025262431582 0.0230004485036487
Pop3 0 0.024638119014613 -0.0220089224107581 0.0163623597909484
Pop3 1 -0.0082358705757266 -0.0428640365182439 -0.0511055456028275
Pop3 1 0.0253101770495246 0.0105687507764277 -0.00275696418230692
Pop3 1 0.00940128418267898 -0.0328124479728501 -0.0154844055645684
Pop3 1 -0.00285432913876074 -0.0555331073007498 -0.0776393345812363
Pop3 0 -0.0113895076635602 0.02189392252781 0.0292980850370612
Pop3 1 -0.0373544636835449 -0.0146883472283473 -7.51176740728457e-05
Pop3 1 -0.0160383585022068 0.00461402588155899 -0.00547438997378694
Pop3 1 -0.000743199557928633 -0.0388538171379021 -0.0260958960150706
Pop3 1 -0.00210934470508371 -0.00513850793352857 0.00810738519795276
Pop3 1 -0.00201013238094339 -0.0328352279488227 -0.0162319128304663
Pop3 1 -0.0201705470744568 -0.0253171326300413 -0.054780203148545
Pop3 1 0.0205881536063901 0.0258486060481114 0.0279365804649686
Pop3 1 0.00231624977959757 -0.00375783535547484 -0.0134521052165336
Pop3 0 -0.00499090720527492 0.0403940930460085 0.0841443403439845
Pop3 0 -0.0313278856413512 -0.0128340668734072 -0.0279939864914026
Pop3 1 0.00306959731227827 0.0289520808578488 0.0197975487699858
Pop3 1 0.0111144612297814 -0.017239864208845 -0.0182315364196734
Pop3 1 -0.0068417820634364 -0.0127654702668618 -0.0144320445675886
Pop3 1 0.055078818021301 0.0104038637889006 0.00069495476836429
Pop3 1 0.0414159147142991 -0.0322097731728913 -0.0263260511458482
Pop3 1 -0.0143747795381446 0.00938655589305111 -0.0174548964809965
Pop3 1 0.0173291037778799 -0.0268538633169159 0.00491802717604518
Pop3 1 0.0297043261728529 -0.0135235628774622 0.0327750703073498
Pop3 0 -0.0212715367108277 -0.0159021921017765 -0.0169113739808254
Pop3 1 0.0455414274034831 -0.0331185962266335 -0.0400620948361275
Pop3 1 0.0482173256610444 -0.015394694800946 -0.0357155880485947
Pop3 1 0.0179683939238648 0.0226355623374038 -0.0288548797554116
Pop3 1 -0.01704751299627 -0.0122416975787801 -0.0076021932224585
Pop3 0 -0.00298375378567395 -0.0102200909332163 0.0090083346548403
Pop3 1 0.018065513685315 0.0081795223605393 0.0207490680132875
Pop3 1 -0.0311164025544702 -0.0232580399549627 -0.0551548986286347
Pop3 1 -0.0115871616110679 -0.0410289230070173 -0.0372200279075503
Pop3 1 -0.0160336282275746 0.0177869249084547 0.0390090942926028
Pop3 1 -0.0123309396816524 -0.0029020962762245 -0.000288159575392456
Pop3 1 -0.0135313632788899 -0.054342517872168 -0.0853314699096643
Pop3 1 0.0210225271905652 0.0224704918575321 0.0519286296276223
Pop3 1 0.00531362235540867 -0.000739504994052211 0.00371475599352388
Pop3 1 0.00417109053073929 -0.021979563200031 -0.0320018580144386
Pop3 1 -0.00451454509551345 0.0113812172134195 0.0240502918648305
Pop3 1 -0.0184466082988571 -0.0156295267158999 -0.050703937734436
Pop3 1 0.000648164948757671 0.0248852356880192 0.0677972819530403
Pop3 1 0.029101416501791 -0.0185794010332619 -0.0498210506335375
Pop3 1 0.0241803989678353 0.00189487318222598 -0.00392309943407048
Pop3 0 -0.0517099242066285 -0.0425181975650148 -0.0102504364369357
Pop3 1 0.0156382621190986 -0.0448211625635015 -0.0261242695802829
Pop3 1 0.0483651291122658 0.0234842603647454 0.0544702730910324
Pop3 1 -0.0120903392868117 0.0246597979715656 -0.0207032103387287
Pop3 1 -0.0159604270748876 -0.00716572295046518 -0.0299757578059359
Pop3 1 0.0199903120233203 -0.0100691627010566 0.0275532928743664
Pop3 1 -0.00895387153547934 0.0516521126829468 0.00487595896266546
Pop3 1 0.00960192505426383 0.00251254130824728 0.0284095113966091
Pop3 1 -0.0535762955437638 0.00460434753902019 0.00966330412022038
Pop3 1 0.0130845236985836 -0.0227344555031536 0.0144570507713202
Pop3 1 -0.0372481100251888 0.0424988749375265 0.065648730910881
Pop3 1 -0.0545612215312253 0.00408718614603471 -0.0179590198027894
Pop3 1 -0.0307558103441384 -0.0125729857858508 -0.00406290011100019
Pop3 0 -0.0307543741184914 -0.0143749853467988 -0.0224006457159341
Pop3 1 0.028728167410621 0.0206101046470939 0.0175765871801141
Pop3 1 0.0284113608171798 -0.0181740975840072 -0.0381432931925743
Pop3 1 0.0180452695315634 0.0106389533059169 0.0349018344717802
Pop3 0 -0.0146111637453185 -0.00970294143504574 -0.00261994995196026
Pop3 1 -0.000642112229507164 0.0215040956489147 -0.00933900300516494
Pop3 1 -0.0418624361801951 -0.0427333079787255 -0.051380741369641
Pop3 1 -0.0351056180446437 0.00605757586032129 0.0279351526219970
Pop3 1 0.0474684155412856 -0.0174383310064927 -0.00490914241205649
Pop3 1 0.0121653092553065 -0.0485917105193506 -0.0569824699493862
Pop3 1 -0.0357324425652875 -0.00726173246651451 0.0108931496680606
Pop3 1 -0.0197960340979159 -0.0560545651193456 -0.0439993152051529
Pop3 1 -0.0457842151749563 0.0228952081111085 0.0317069675910216
Pop3 1 0.0426770351801102 0.0263074443770899 0.0414040156011481
Pop3 1 0.00587744988833665 -0.0274479855558761 0.0184852434309976
Pop3 1 -0.0203773005662627 0.0231018347007013 0.0251818795572713
Pop3 1 0.0124472620069108 0.0211871430913516 0.0236222900101269
Pop3 1 -0.0397197218106489 0.0124997133738415 0.00243794957855912
Pop3 1 0.0205831636218055 -0.0103301505996025 -0.0745317700329587
Pop3 1 -0.0117270451383814 0.0348640287837618 0.0153848355482251
Pop3 1 0.0764154565817983 -0.00894172799295721 0.0147491994312382
Pop3 1 0.0273350118258633 0.0178231456354405 0.0345358727480097
Pop3 1 0.0136858929723214 -0.00386046767497835 -0.0307413793902571
Pop3 1 0.0258894101709542 0.00118360546257201 0.0362147547495405
Pop3 1 0.0264275211589469 -0.0156425984936918 -0.0139593058243241
Pop3 1 -0.00872735090918168 0.0187862104802812 0.031184339981915
Pop3 1 -0.0148607939838122 0.0064714278942642 -0.0340422393091924
Pop3 1 -0.0340661396218028 -0.0185285278332456 -0.0299490163497788
Pop3 1 -0.0484175976426647 0.0257884294992896 0.0349085312082332
Pop3 1 -0.0282503412221821 -0.0176529800836344 0.0425903167654016
Pop3 1 0.0302358139816088 -0.0389793445479777 -0.0338172638329983
Pop3 1 -0.0273378238733159 -0.0145347417380873 -0.0312151374179247
Pop3 1 0.0262675839145519 -0.00414012143577034 0.0115507598973746
Pop3 1 0.0190976281093034 -0.0118544801413863 -0.0421221224329236
Pop3 1 -0.0251931129431726 0.0253590108144233 0.0215723929016841
Pop3 1 -0.0244791159074693 -0.0663718702372832 -0.0425385946007191
Pop3 1 0.00419150694797833 -0.00842613224264836 0.000443177858539706
Pop3 1 -0.0109322252508441 -0.00222423498691935 0.0290409952769967
Pop3 1 -0.00467117032233722 -0.00882395533672634 -0.00198275878486525
Pop3 1 -0.00513651132743804 -0.0329843128806891 -0.0494115544512001
Pop3 1 -0.0407773731092403 -0.0285094837907721 -0.0275983759210796
Pop3 1 -0.00665305017702965 -0.0308451513217471 -0.00177841221413227
Pop3 1 -0.0307424412189642 -0.041507732685855 -0.0229599925305797
Pop3 1 0.0172796745491204 0.00370884516671337 0.0154256079343317
Pop3 1 -0.0194784789890614 -0.0160427861352636 0.0478154143912207
Pop3 1 0.03328094312639 -0.0349760619451911 -0.0439868428105138
Pop3 1 0.0115043320185265 0.0631076107991086 0.0536415809984105
Pop3 1 0.0308185684299313 0.0440257327415527 0.0428987692567834
Pop3 1 -0.00210202144668333 0.00387257047913224 0.00346771784936608
Pop3 1 0.0254034406444439 -0.00941594171836014 -0.0160480350302195
Pop3 1 0.0116102946513568 -0.0680813664650516 -0.117346096542873
Pop3 0 0.0187126322144507 -0.0105330541695979 0.00612867393846307
Pop3 1 0.0346613363021 0.00195643169949891 -0.0261526249584026
Pop3 1 0.0264343374205743 -0.0299386903323158 -0.019084175846632
Pop3 1 0.0152048263754075 0.00706945263864897 0.056433444725809
Pop3 1 -0.0490639071604966 0.00552566990323076 -0.0318460290821333
Pop3 1 -0.0138054974434088 -0.0506274566886181 -0.0359978968097953
Pop3 1 0.0172269332616046 0.0117665057713117 0.0175203095314565
Pop3 1 0.0172297250601278 0.0432078878641994 0.052942300931153
Pop3 1 -0.00824617807204521 0.0111692941112213 0.0129846505522298
Pop3 1 0.00452500608372161 -0.0264323601440574 0.0625228511228515
Pop3 1 -0.0115721243721098 -0.0430275520503147 -0.0626315640477874
Pop3 1 0.0093728559333938 -0.0153749169368277 -0.0193501623787406
Pop3 1 -0.0293422403167091 -0.00402297345452493 -0.0115335733039186
Pop3 1 -0.00776077276018003 0.000764678698257158 -0.00889915501922694
Pop3 1 -0.0497356098372111 -0.0315502072036912 -0.00674873916606494
Pop3 1 -0.0494362592699271 -0.00345012061817558 -0.0497711777219904
Pop3 1 -0.0533391706930846 0.0090732182025729 0.00650705359355591
Pop3 1 0.0561040157436851 -0.0318333322801277 -0.0882318571588825
Pop3 1 -0.0101735665858465 -0.000234185862530875 0.0250843041958192
Pop3 1 0.00923008998203795 0.0139115500590147 0.0242703234390743
Pop3 1 -0.0159110056414795 -0.021274913155057 -0.0270769762906203
Pop3 1 0.0266855621469078 0.0217967109620522 0.0326093283149412
Pop3 1 -0.00642536482598681 -0.0220427562332858 -0.00539148503849342
Pop3 1 -0.0421550165314314 -0.0377988277001902 -0.0411300527834547
Pop3 1 -0.0325670768132046 -0.031446772997133 -0.0113461059063562
Pop3 0 -0.0541407811465846 -0.0103674080658538 0.0273019120709959
Pop3 1 0.0153209646533899 0.0332412447367208 0.0561100808243343
Pop3 1 0.0491515526765318 -0.0105063478302422 -0.0305655858677462
Pop3 1 0.0186227513307996 -0.0362095911583153 -0.0557362044151158
Pop3 1 0.00267387484957614 0.00281891772650891 -0.0231591370149059
Pop3 1 -0.0277353579609136 -0.0230758312214982 -0.0222133015800122
Pop3 1 0.0162343904877977 0.00598308977787709 0.0189872155587253
Pop3 0 -0.0202617922419674 -0.0424800843894772 -0.0125126603772616
Pop3 0 0.00660038803306906 0.0168322322717241 0.0196749525396649
Pop3 1 -0.0115283348940776 -0.0441634303316191 -0.066799619284141
Pop3 1 -0.00171884154679998 0.020831796577604 0.000417873025131157
Pop3 1 0.0191885092135633 0.00783876284933746 0.0427615826626829
Pop3 1 0.0149982557386296 -0.012651486278024 -0.0236333220894233
Pop3 1 0.0411103300371008 -0.0153742798971443 0.0278064104416739
Pop3 1 0.0110304906474506 -0.020554213124786 -0.0286630695628818
Pop3 1 -0.00334890357719116 -0.0497251974464663 -0.0320663428933527
Pop3 1 -0.00127259016948273 0.00740365737127929 0.0197851384342706
Pop3 1 0.0100859057597986 -0.0107431169647869 0.027638034116292
Pop3 1 0.0221180209275268 -0.0342699804290096 -0.00195992591037961
Pop3 1 0.0114290543562772 -0.0228358931088664 -0.0411048313816284
Pop3 1 -0.0021040519639076 -0.0208382342669859 -0.0346502023615465
Pop3 1 0.00395091051196554 -0.0500925564260265 -0.0554849642542308
Pop3 1 0.00175798001362852 -0.0332094448568469 -0.0103338782115808
Pop3 1 0.0558459282946343 -0.00629857624853479 -0.0370928963732799
Pop3 1 0.0135476996039252 -0.0193898573927253 0.00131814650045307
Pop3 1 0.0394626635462649 -0.00247777296848923 0.00734960559957057
Pop3 1 -0.0254704388963974 -0.045988392251917 -0.0535182321969051
Pop3 0 0.0167478973765073 0.00303965995868579 -0.0116389672245342
Pop3 1 0.00633213271883353 -0.00726950196996261 -0.0238275663616165
Pop3 1 0.0296963895700698 0.0152235509237906 0.0785366970259757
Pop3 1 0.0100345805514218 0.062796671566546 0.0774904664491844
Pop3 1 -0.0336978088803002 -0.0104830409631212 -0.0275628696267028
Pop3 1 -0.0206085022404511 -0.051107210047659 -0.0121425500282972
Pop3 1 0.0102387342279184 0.0175595824884835 0.0160353881315805
Pop3 0 0.0519261386557359 0.00791390026665529 0.0416916164663839
Pop3 1 0.0611888443750514 0.0119886340973393 0.0161118041490630
Pop3 1 0.0551313186110955 0.0191815274159009 0.0387159703819704
Pop3 1 0.0419378217499241 0.020869841269572 -0.0358605588094565
Pop3 1 -0.0218718320157092 -0.0130267966620609 -0.0480809562566757
Pop3 1 0.013927409089742 -0.0269524558907215 -0.0163354678385853
Pop3 1 0.0135263672126371 -0.0326483199736479 -0.0488464327626863
Pop3 1 0.0109571330351561 -0.0371112525008575 -0.0827372140961507
Pop3 1 0.00540775578888508 0.00841737775871085 -0.017478188336784
Pop3 1 0.0374808447773668 -0.0358060192664663 -0.0315092319456009
Pop3 1 0.0217905414894254 -0.0191644158728655 0.00343727058973818
Pop3 1 0.0347647167382962 -0.0162068294285079 -0.0066221868707971
Pop3 1 0.00854643239266382 -0.0197348908971537 -0.0278241459809561
Pop3 1 -0.0220973498067989 -0.0161069017266892 0.00391070875834846
Pop3 1 0.0212328657026865 -0.00615929961768925 0.0159721980076059
Pop3 1 0.0389970386945783 0.0522502618563623 0.0491748735973438
Pop3 0 -0.0126814639445686 0.00332785727533205 -0.0112947311608155
Pop3 1 0.032354297100268 0.0303201096522184 0.0463991156557229
Pop3 1 0.0260486493931158 -0.0231420640890297 0.0247618175467048
Pop3 1 0.0486130786987504 -0.016202243163582 -0.0699902923551827
Pop3 1 -0.0130732354461328 0.00492094506198798 0.000294907002916919
Pop3 1 -0.0193447452170095 0.00128277915725683 -0.0106877649979810
Pop3 1 0.00839205428333192 -0.0597470412331415 -0.0462368345652124
Pop3 1 0.0107653126038385 -0.029127509542084 -0.044900874515774
Pop3 1 0.00883168621956787 -0.00433388425651487 -0.0437472712794741
Pop3 1 0.0272431667434094 -0.052316452362311 -0.0370234459962723
Pop3 1 0.00403359725509001 -0.0656728029744509 -0.0435943767222661
Pop3 1 0.0136639134423792 -0.033502467697593 0.00697385541632066
Pop3 1 -0.0281417516259268 -0.0474299679619781 -0.0268311183760267
Pop3 1 -0.0142817161943773 -0.0535749799239758 -0.075621414922893
Pop3 1 0.0285160985632334 -0.0216681406462116 -0.0449264327107712
Pop3 1 0.00265873387018402 0.0221775048624327 0.0449565595938788
Pop3 1 -0.00452647928788697 0.0403716757937713 0.00392941988806239
Pop3 1 -0.0168630574478783 0.00302641242626289 0.000707536257905044
Pop3 1 -0.0495489830052434 0.0148630757767246 0.0216499323174012
Pop3 1 0.0679557007691038 -0.00345092247881943 -0.0643190902341261
Pop3 1 -0.00842336659734103 -0.0249417332679104 -0.0367761770284859
Pop3 1 0.0088634733269726 -0.0250096386183471 -0.00226873529336645
Pop3 1 -0.00733517355237675 0.0198204164168926 0.0116863416792848
Pop3 1 -0.00731646545217724 -0.00130034271074491 0.00647842022589326
Pop3 1 -0.0454811578081994 -0.0474289795942176 -0.0198405940520070
Pop3 0 -0.0200838621546795 -0.0256539815254016 -0.0269801294437415
Pop3 1 0.0146940492590204 -0.0607890010080192 -0.00884644989961826
Pop3 1 0.0116958308212701 0.00678761068268151 -0.0122576326382740
Pop3 1 -0.0564785417883082 -0.00950693209185272 0.0556109124323957
Pop3 1 0.0130710079387274 -0.0375623968556681 -0.0298250051802915
Pop3 1 -0.00955850213886137 -0.0198817521172379 -0.0576095361311923
Pop3 0 -0.0146519386298003 0.0118585085584459 0.0264384923209369
Pop3 1 -0.0392774327444867 -0.0038409240937134 -0.0431631078249802
Pop3 0 0.00384133282590237 -0.00990610893221955 -0.00877017381211025
Pop3 1 -0.0181772846925881 -0.0108106568305943 -0.00387947567818998
Pop3 1 -0.0275306475204175 -0.0099564796689553 0.0349566944323417
Pop3 1 -0.00436065184591657 0.0265836853965162 -0.00791868186282374
Pop3 1 0.0325022555691924 0.0465690841028202 0.0254054828908077
Pop3 0 -0.0290375542435769 0.0114387343052198 0.0465195748866416
Pop3 1 0.00825119890235281 0.00152059552551729 0.035212875658301
Pop3 1 -0.0522358831844389 -0.0174034427919994 -0.0471405498092254
Pop3 1 0.0489408699512799 0.000148854331809937 -0.00377501592494316
Pop3 0 -0.0022622560602938 0.00325629565498467 -0.00292089679366717
Pop3 0 0.00638072192825374 -0.0192088340731542 -0.0232400777898322
Pop3 1 -0.00309645546681084 -0.0088359032200994 0.0187795360304147
Pop3 1 -0.029748080457405 0.0400179499500502 0.0429062266814746
Pop3 1 -0.0110500048373825 -0.0285041287932015 -0.0326515619631368
Pop3 1 -0.018749738376755 -0.0335688590726031 -0.0750714184168878
Pop3 1 -0.00140598594725881 -0.00743920855068958 0.00971323513380212
Pop3 1 0.0586220297933122 -0.0263061034801695 -0.0131437873217658
Pop3 1 -0.00279280306776645 -0.0105082071752931 -0.0531342501494232
Pop3 1 0.0182356812992197 0.0139802929093431 0.0199380239265625
Pop3 1 -0.0170958656287621 -0.0373607560779708 -0.0755789161513724
Pop3 1 0.0227610746598863 -0.0108389348891906 0.0099247818790685
Pop3 1 0.0191851713488161 0.00495946879652768 0.0317998172892904
Pop3 1 -0.0140706893656473 -0.0230711766030194 -0.0209953323973385
Pop3 1 0.00559126927912782 -0.0218548218741198 -0.0191140641008504
Pop3 0 -0.00131025840778759 0.0182855000093015 -0.0079139296966372
Pop3 1 -0.0455739586567522 -0.0162560690755612 -0.0232150986827545
Pop3 1 0.0490272550738587 -0.0454022217153053 0.00347645520716942
Pop3 1 -0.0179247600016326 -0.0264886090649109 -0.00403961430282636
Pop3 1 0.00697705266721103 0.0385993439189999 0.0192427084817311
Pop3 0 -0.00207782095488006 -0.0333703856902572 -0.0330577436033286
Pop3 1 0.00529029667849832 0.0153363378966208 0.0039436654710687
Pop3 0 0.00684122446531699 -0.0225430057889977 -0.0182582111345167
Pop3 0 -0.0199070942156198 -0.0155939122695532 -0.0311523759740265
Pop3 1 0.00413598747493217 -0.00470882902465709 0.0117890105829087
Pop3 1 0.00851742041964344 -0.00464226440919362 -0.00258224371047056
Pop3 1 0.0181274034104017 -0.0196697462251978 -0.0345432920739101
Pop3 1 0.0544092448018981 0.00669153963435044 0.0375824502198218
Pop3 1 -0.00354524233041223 -0.022611865560145 -0.0122939491031216
Pop3 1 0.0221326810246675 -0.0085301743756003 -0.0295542147566025
Pop3 1 0.0484416743862537 -0.00439122508174873 0.0195078898648778
Pop3 1 -0.0108971926566837 0.0323240731713695 0.0072129607574745
Pop3 1 0.00737401266205476 -0.0244244711144026 -0.00490685665633298
Pop3 0 -0.0099727230639323 0.0210286084278827 0.0423061558091543
Pop3 1 -0.0117861824797724 0.0209332123368472 0.0325051368614367
Pop3 1 -0.00389697680055779 0.015033784441916 -0.0440327448457939
Pop3 1 -0.00376336657375697 -0.0282321489678064 -0.0145889427346733
Pop3 1 -0.0206727341830959 0.0378394703828849 0.0382258171736427
Pop3 0 0.0450803247388639 0.0132034799656406 -0.0476774375818282
Pop3 1 -0.0325430418932003 -0.0347961490487156 -0.0528486681509939
Pop3 1 0.0294899629414094 -0.00195893836606684 0.0284384457419923
Pop3 1 0.0266291719009994 -0.00175827052418362 -0.0131380200545558
Pop3 1 0.00357689937699925 0.0256006341451536 0.0847016511611475
Pop3 1 0.0266251440962008 0.0279046912978645 0.051717602197979
Pop3 1 0.0348184244106957 0.0121150408564887 0.00409109034675327
Pop3 1 0.00785622972636883 0.0379008956323029 0.0567619912540367
Pop3 1 0.0255595978860994 -0.00540643032779016 -0.0231305632942951
Pop3 1 0.00138340029084572 -0.0223657674768303 -0.0545020244133844
Pop3 1 -0.0415157755135265 0.00913488999953489 0.0292631951072631
Pop3 1 -0.0093679877213462 -0.0138938985426264 -0.00888260301904847
Pop3 1 -0.0423050507620268 -0.0495283743560109 -0.0389546393286134
Pop3 1 0.0086272099235439 -0.0236458308979397 -0.00199495358716564
Pop3 1 -0.0224109230121745 0.0115051209425774 0.0326092838965250
Pop3 1 -0.0459123319510438 -0.047415502261252 -0.065145893259823
Pop3 1 0.0427691672270224 -0.0238333886852248 -0.0563306501880978
Pop3 1 -0.0163520576546997 -0.0348816764666342 -0.0441083803498923
Pop3 1 -0.035721735065627 -0.0114679758572276 -0.0483963089969391
Pop3 1 0.0396695816240402 -0.0275165930194669 -0.00357283164344557
Pop3 1 0.0142848025635016 -0.000573330643873189 -0.0480474068017461
Pop3 1 -0.0203997150553196 0.020158875901436 -0.000133179446485984
Pop3 1 0.000208606412382927 -0.0500504042445066 -0.0486905327366259
Pop3 1 -0.00819663696770271 0.00472670130743103 0.0194027932270238
Pop3 1 0.00357711517437337 0.0422284341171992 0.0622342891635748
Pop3 1 -0.0192987009339216 0.0505867964914319 0.0661169789193796
Pop3 1 -0.0186404541648566 -0.00686646390695393 0.0484400371682813
Pop3 1 0.0229567131064588 0.0166087015463493 0.073051869293737
Pop3 1 0.0641249142925954 -0.0118175876586768 0.0219129591145309
Pop3 1 0.0122799556071715 -0.0564327495061699 -0.116478137252074
Pop3 1 -0.00572823107105021 0.00243721245904194 0.00525097844009918
Pop3 0 -0.000180559742286379 0.0365967702867524 0.0135429666681547
Pop3 1 -0.0420537958987603 -0.0268691322298043 -0.0063439986864868
Pop3 0 -0.0254827434261386 -0.0158298698611425 0.00628943263531016
Pop3 1 -0.0174488816829979 0.0266903567392036 0.0128303633637857
Pop3 1 0.0272159013196961 0.0115401641742589 0.0137419522587175
Pop3 0 -0.0226747141786138 -0.0169175483305016 -0.0132671586941176
Pop3 1 0.0335484096169522 -0.0417813804645002 -0.0523086511290911
Pop3 1 -0.0169426725446443 -0.0239452977413958 -0.0297931151086553
Pop3 1 0.0206844411070044 -0.0453351278592859 -0.0944336774733447
Pop3 1 0.00794244606871011 0.00672425094776191 0.0074555015477666
Pop3 1 -0.0215564769632269 0.0370770538955749 0.027732071894322
Pop3 0 -0.00255156934225015 -0.0469603220746205 -0.0301352133885820
Pop3 1 0.0159404641123369 -0.0158704046749642 -0.0245706060020642
Pop3 1 -0.0243926299558499 0.000639997899629139 0.0133179418405339
